      obnm      UT date  BJD-2,440,000    mnvel   errvel   mdchi      cts
*************************************************************************
 rj222.709   2016/01/27   17414.927751    14.84     0.68   1.095     5714
 rj224.106   2016/02/04   17422.855362   -17.18     0.72   1.092     6877
  rj225.70   2016/02/21   17439.964043     1.92     0.82   1.154     4613
rapg.202  17495.7432720   -1.539   24.133         337      2.0040219
rapi.192  17498.7298240  -30.008   27.269         287      2.0981789
rapk.186  17505.6705360  -83.664   39.032         150      2.6531057
rapl.191  17507.7230560   27.440   29.891         238      2.2634230
rapr.192  17520.7408370  -12.297   31.743         295      2.2741833
raps.182  17524.6877010   -0.044   31.637         184      2.5438092
rapt.182  17525.6865200   67.387   30.055         251      2.3258982