BJD - 2454833, Corrected Flux
2307.550568179, 0.995729028,
2307.571000278, 0.995620900,
2307.591432476, 0.995934828,
2307.611864474, 0.995639829,
2307.632296571, 0.995427414,
2307.652728768, 0.995432255,
2307.673160765, 0.995308815,
2307.693592860, 0.995673303,
2307.714025056, 0.995336802,
2307.734457051, 0.995064489,
2307.754889246, 0.995421121,
2307.775321340, 0.994934783,
2307.795753334, 0.994702242,
2307.816185528, 0.994607696,
2307.836617621, 0.994619064,
2307.857049613, 0.994371336,
2307.877481805, 0.994346735,
2307.897913897, 0.994411252,
2307.918345988, 0.994736114,
2307.938778079, 0.994436899,
2307.959210169, 0.994244649,
2307.979642259, 0.994056694,
2308.000074349, 0.994718987,
2308.020506438, 0.994490250,
2308.040938527, 0.994291247,
2308.061370715, 0.994468732,
2308.081802703, 0.994015695,
2308.102234890, 0.993779502,
2308.122666877, 0.993896589,
2308.143098963, 0.993826659,
2308.163531149, 0.993761762,
2308.183963135, 0.993681953,
2308.204395220, 0.993804542,
2308.224827405, 0.994091119,
2308.245259389, 0.993709356,
2308.265691473, 0.993483214,
2308.286123657, 0.993912761,
2308.306555639, 0.993861579,
2308.326987722, 0.993856775,
2308.347419904, 0.993703276,
2308.367851886, 0.993186081,
2308.388283967, 0.993380630,
2308.408716148, 0.993655354,
2308.429148229, 0.993040438,
2308.449580209, 0.992815945,
2308.470012388, 0.993038127,
2308.490444467, 0.993448794,
2308.531308625, 0.993726584,
2308.551740702, 0.993380072,
2308.572172780, 0.992801774,
2308.592604857, 0.993244504,
2308.613036933, 0.993097281,
2308.633469110, 0.992902457,
2308.653901085, 0.993162379,
2308.674333160, 0.993055216,
2308.694765335, 0.993099363,
2308.715197310, 0.992899054,
2308.735629384, 0.993211396,
2308.756061558, 0.993037451,
2308.776493531, 0.992940736,
2308.796925603, 0.993018281,
2308.817357776, 0.993150164,
2308.837789748, 0.992875302,
2308.858221819, 0.993523901,
2308.878653990, 0.992948062,
2308.899085961, 0.992998124,
2308.919518131, 0.993102045,
2308.939950101, 0.992394976,
2308.960382170, 0.992477180,
2308.980814339, 0.992777892,
2309.001246408, 0.992374690,
2309.021678376, 0.992796224,
2309.042110543, 0.992460342,
2309.062542611, 0.992505458,
2309.082974577, 0.992637421,
2309.103406744, 0.992351925,
2309.123838809, 0.992476763,
2309.144270775, 0.992290273,
2309.164702940, 0.992483331,
2309.185135005, 0.992769902,
2309.205566969, 0.992535839,
2309.225999133, 0.992780931,
2309.246431196, 0.992548555,
2309.266863260, 0.992352937,
2309.287295322, 0.992524416,
2309.307727384, 0.992143753,
2309.328159446, 0.992771298,
2309.348591507, 0.992619548,
2309.369023568, 0.992337895,
2309.389455728, 0.992518191,
2309.409887689, 0.992802366,
2309.430319749, 0.992883057,
2309.450751908, 0.992564483,
2309.471183966, 0.992469992,
2309.512048083, 0.992816409,
2309.532480140, 0.992394715,
2309.552912097, 0.992493097,
2309.573344254, 0.993056563,
2309.593776310, 0.992384936,
2309.614208266, 0.992697780,
2309.634640422, 0.992474355,
2309.655072377, 0.992400656,
2309.675504431, 0.992362912,
2309.695936585, 0.992228905,
2309.716368539, 0.992146320,
2309.736800593, 0.992113786,
2309.757232746, 0.992074045,
2309.777664698, 0.992475337,
2309.798096750, 0.992426179,
2309.818528902, 0.992328732,
2309.838960953, 0.992254646,
2309.859393004, 0.992035806,
2309.879825055, 0.992644355,
2309.900257105, 0.992215185,
2309.920689254, 0.992381715,
2309.941121203, 0.992375789,
2309.961553252, 0.992093384,
2309.981985401, 0.992291209,
2310.002417349, 0.992262372,
2310.022849396, 0.992560326,
2310.043281543, 0.992291023,
2310.063713490, 0.992625074,
2310.084145536, 0.992210749,
2310.104577682, 0.991957999,
2310.125009627, 0.992135153,
2310.145441673, 0.991633979,
2310.165873817, 0.992150629,
2310.186305761, 0.992212527,
2310.206737805, 0.992277985,
2310.227169949, 0.991897258,
2310.247601892, 0.992275111,
2310.268033934, 0.992195844,
2310.288466077, 0.992243538,
2310.308898118, 0.992166819,
2310.329330160, 0.992031714,
2310.349762201, 0.992325316,
2310.370194141, 0.992166744,
2310.390626281, 0.992089524,
2310.411058321, 0.992380637,
2310.431490260, 0.992332817,
2310.451922399, 0.991879752,
2310.492786376, 0.992364942,
2310.513218513, 0.991920673,
2310.533650551, 0.992156140,
2310.554082488, 0.991810489,
2310.574514624, 0.992025615,
2310.594946660, 0.992156629,
2310.615378596, 0.992157776,
2310.635810731, 0.992155302,
2310.656242765, 0.992163508,
2310.676674800, 0.992346630,
2310.697106834, 0.992173666,
2310.737970901, 0.992339373,
2310.758403034, 0.992233775,
2310.778834966, 0.991971631,
2310.799266998, 0.991757602,
2310.819699129, 0.991867287,
2310.840131061, 0.991848094,
2310.860563191, 0.992039569,
2310.880995222, 0.992077025,
2310.901427151, 0.992075778,
2310.921859281, 0.991943702,
2310.942291310, 0.992334823,
2310.962723239, 0.992451979,
2310.983155367, 0.992105506,
2311.003587395, 0.992292337,
2311.024019323, 0.992263170,
2311.044451450, 0.992218265,
2311.064883476, 0.992255088,
2311.085315403, 0.992222233,
2311.105747528, 0.991973146,
2311.126179554, 0.992360189,
2311.146611479, 0.991981605,
2311.167043604, 0.991663614,
2311.187475628, 0.991929171,
2311.228339675, 0.992174093,
2311.248771698, 0.991942258,
2311.269203621, 0.991999611,
2311.289635743, 0.992247499,
2311.310067765, 0.992244373,
2311.330499687, 0.992251275,
2311.350931808, 0.991694188,
2311.371363829, 0.991826980,
2311.391795949, 0.991927611,
2311.412227869, 0.992120018,
2311.432659888, 0.992101917,
2311.453092007, 0.991823285,
2311.473523926, 0.991487438,
2311.493955944, 0.991682396,
2311.514388062, 0.991719093,
2311.534819979, 0.991985590,
2311.555251996, 0.991954224,
2311.575684113, 0.991385793,
2311.596116129, 0.992050179,
2311.616548045, 0.991838786,
2311.636980160, 0.992151313,
2311.657412176, 0.992430560,
2311.677844090, 0.992172891,
2311.718708218, 0.991868671,
2311.739140132, 0.992093650,
2311.759572245, 0.992295566,
2311.780004257, 0.992207013,
2311.800436170, 0.992453201,
2311.820868282, 0.991961427,
2311.841300293, 0.991836693,
2311.861732304, 0.992130036,
2311.882164315, 0.991953543,
2311.902596225, 0.991891596,
2311.923028335, 0.992009362,
2311.943460344, 0.991531562,
2311.963892254, 0.991575975,
2311.984324363, 0.992193149,
2312.004756371, 0.991750391,
2312.025188379, 0.991659970,
2312.045620386, 0.991833951,
2312.066052393, 0.992007551,
2312.086484400, 0.991681385,
2312.106916406, 0.991922110,
2312.127348412, 0.991783933,
2312.147780418, 0.991708340,
2312.168212523, 0.991635372,
2312.209076432, 0.992252010,
2312.229508537, 0.992243797,
2312.249940440, 0.992082859,
2312.270372443, 0.992194563,
2312.290804546, 0.992312828,
2312.311236449, 0.992282882,
2312.331668450, 0.991984744,
2312.352100552, 0.992631132,
2312.372532453, 0.992198925,
2312.392964554, 0.992303718,
2312.413396555, 0.991588405,
2312.454260555, 0.991844604,
2312.474692554, 0.991872198,
2312.495124553, 0.992020814,
2312.515556551, 0.991894486,
2312.535988549, 0.992244480,
2312.556420547, 0.992314876,
2312.576852545, 0.992099127,
2312.597284541, 0.991914113,
2312.617716438, 0.991855447,
2312.638148534, 0.992119275,
2312.658580530, 0.991993684,
2312.679012426, 0.992234385,
2312.699444520, 0.992138288,
2312.719876515, 0.991997954,
2312.740308409, 0.991908391,
2312.760740503, 0.991685233,
2312.781172497, 0.992399044,
2312.801604390, 0.991617398,
2312.822036483, 0.991897408,
2312.842468475, 0.991889053,
2312.862900467, 0.992050239,
2312.883332458, 0.992502115,
2312.903764449, 0.992006587,
2312.924196540, 0.992310447,
2312.944628431, 0.992165059,
2312.965060421, 0.992187529,
2312.985492510, 0.992231341,
2313.005924500, 0.992039611,
2313.026356388, 0.992198136,
2313.046788477, 0.991935447,
2313.067220465, 0.992163035,
2313.087652353, 0.992176537,
2313.108084440, 0.992011297,
2313.128516427, 0.991851480,
2313.148948313, 0.991902039,
2313.189812385, 0.992134417,
2313.210244271, 0.991731170,
2313.230676356, 0.991762149,
2313.251108340, 0.992161314,
2313.271540325, 0.991969668,
2313.291972309, 0.991871337,
2313.312404292, 0.992114334,
2313.332836275, 0.992283070,
2313.353268258, 0.992589313,
2313.373700240, 0.992629471,
2313.394132122, 0.992342524,
2313.434996185, 0.992280542,
2313.455428166, 0.992145785,
2313.475860146, 0.992535692,
2313.496292126, 0.992147395,
2313.516724206, 0.992161103,
2313.537156085, 0.992194755,
2313.557588064, 0.992176907,
2313.578020143, 0.992259651,
2313.598452021, 0.992589371,
2313.618883999, 0.992535714,
2313.639316076, 0.992409365,
2313.659747953, 0.992691510,
2313.680179930, 0.992474133,
2313.700612006, 0.992016573,
2313.721043882, 0.992186278,
2313.741475857, 0.992162404,
2313.761907933, 0.992090643,
2313.782339808, 0.992470207,
2313.802771782, 0.992499739,
2313.823203856, 0.992255180,
2313.843635829, 0.991986579,
2313.864067703, 0.992195746,
2313.884499776, 0.992129884,
2313.904931748, 0.991622931,
2313.925363720, 0.992080853,
2313.945795692, 0.992386272,
2313.966227664, 0.992148103,
2313.986659635, 0.992030381,
2314.007091605, 0.992153534,
2314.027523575, 0.992405460,
2314.047955545, 0.992620765,
2314.068387515, 0.992566906,
2314.088819484, 0.992534991,
2314.109251453, 0.992539435,
2314.129683421, 0.992096602,
2314.170547357, 0.992329942,
2314.190979324, 0.991825174,
2314.211411291, 0.992125191,
2314.231843258, 0.992566886,
2314.252275224, 0.992229811,
2314.272707190, 0.992686608,
2314.293139155, 0.992332121,
2314.313571120, 0.992514409,
2314.334003084, 0.992212573,
2314.354435149, 0.991899634,
2314.374867013, 0.992408491,
2314.415731040, 0.992232721,
2314.436162903, 0.992118189,
2314.456594965, 0.992148089,
2314.477026927, 0.992496314,
2314.497458789, 0.991970759,
2314.517890850, 0.992607315,
2314.538322811, 0.992386941,
2314.558754672, 0.992275673,
2314.579186732, 0.992419699,
2314.599618692, 0.992289443,
2314.620050551, 0.992462280,
2314.640482611, 0.992394662,
2314.660914569, 0.992391590,
2314.681346528, 0.992451776,
2314.701778486, 0.992404869,
2314.722210443, 0.992107196,
2314.742642401, 0.992666240,
2314.763074358, 0.992368341,
2314.783506314, 0.992128348,
2314.803938270, 0.992184753,
2314.824370226, 0.992207481,
2314.844802182, 0.992425402,
2314.865234037, 0.992387124,
2314.906098046, 0.992297138,
2314.926530100, 0.992402624,
2314.946961953, 0.992184199,
2314.967393907, 0.991969451,
2314.987825960, 0.992267652,
2315.008257812, 0.992356694,
2315.028689764, 0.992736141,
2315.049121816, 0.992708181,
2315.069553668, 0.992395761,
2315.089985619, 0.992088590,
2315.110417669, 0.992462864,
2315.130849520, 0.992096325,
2315.151281470, 0.991945970,
2315.171713519, 0.992355879,
2315.192145469, 0.992665516,
2315.212577318, 0.992324114,
2315.233009366, 0.992441072,
2315.253441314, 0.992348526,
2315.273873162, 0.991835827,
2315.294305210, 0.992276051,
2315.314737157, 0.992377692,
2315.335169003, 0.992363447,
2315.355601050, 0.992390183,
2315.396465041, 0.992885653,
2315.416896887, 0.992220990,
2315.437328832, 0.992286177,
2315.457760876, 0.992124894,
2315.478192720, 0.992168924,
2315.498624664, 0.992477028,
2315.519056608, 0.992153701,
2315.539488551, 0.992402449,
2315.559920494, 0.992614084,
2315.580352436, 0.992685501,
2315.600784378, 0.992820086,
2315.621216320, 0.992607850,
2315.641648261, 0.992237927,
2315.662080202, 0.992431268,
2315.682512143, 0.992433121,
2315.702944183, 0.992344237,
2315.723376023, 0.991846075,
2315.743807963, 0.992121108,
2315.764240002, 0.992580042,
2315.784671841, 0.992480966,
2315.805103779, 0.992661835,
2315.825535817, 0.992755432,
2315.845967655, 0.993032905,
2315.886831630, 0.992430796,
2315.907263466, 0.992430823,
2315.927695502, 0.992315585,
2315.948127439, 0.992695509,
2315.968559274, 0.992846969,
2315.988991309, 0.992999649,
2316.009423244, 0.992309959,
2316.029855179, 0.992413823,
2316.070719047, 0.992956786,
2316.091150981, 0.992386899,
2316.111582914, 0.992537718,
2316.132014847, 0.992481482,
2316.152446779, 0.992304197,
2316.172878811, 0.992619055,
2316.193310643, 0.992327438,
2316.213742574, 0.992518351,
2316.234174505, 0.992285327,
2316.254606436, 0.992113146,
2316.275038267, 0.992253959,
2316.295470296, 0.992168036,
2316.315902226, 0.992031545,
2316.336334255, 0.992179565,
2316.377198013, 0.992411877,
2316.397630041, 0.992670555,
2316.418061869, 0.992383826,
2316.438493797, 0.992293775,
2316.458925824, 0.992439278,
2316.479357651, 0.992153773,
2316.499789577, 0.992427814,
2316.520221603, 0.992566791,
2316.540653529, 0.992458257,
2316.561085354, 0.992455749,
2316.581517380, 0.992664656,
2316.601949305, 0.992882462,
2316.622381129, 0.992501273,
2316.642813153, 0.992624688,
2316.663245077, 0.992398956,
2316.683676900, 0.992656296,
2316.704108923, 0.992547967,
2316.724540846, 0.992456857,
2316.744972668, 0.992792006,
2316.765404690, 0.992524517,
2316.785836611, 0.992447496,
2316.806268633, 0.992170269,
2316.826700454, 0.992288627,
2316.867564395, 0.992468464,
2316.949291972, 0.992750080,
2316.969723891, 0.992696366,
2316.990155909, 0.993029278,
2317.010587727, 0.992856484,
2317.031019644, 0.992795921,
2317.051451561, 0.992710884,
2317.071883478, 0.992697105,
2317.092315395, 0.992641016,
2317.112747411, 0.993675821,
2317.133179226, 0.992928298,
2317.153611142, 0.992699895,
2317.174043157, 0.992639469,
2317.194474972, 0.992559050,
2317.214906986, 0.992707367,
2317.235338900, 0.992582614,
2317.255770714, 0.992586988,
2317.276202727, 0.992793822,
2317.296634640, 0.992783371,
2317.317066453, 0.992545144,
2317.357930377, 0.992520857,
2317.378362289, 0.992697683,
2317.398794201, 0.992071069,
2317.419226111, 0.992468317,
2317.439658022, 0.992180904,
2317.460089932, 0.992089197,
2317.480521842, 0.991822827,
2317.500953752, 0.992127949,
2317.521385661, 0.992529698,
2317.541817570, 0.992349267,
2317.562249479, 0.992106301,
2317.582681487, 0.992609981,
2317.603113295, 0.992698314,
2317.623545203, 0.992484456,
2317.643977210, 0.992641285,
2317.664409017, 0.992427499,
2317.684841023, 0.992468830,
2317.705272930, 0.992601537,
2317.725704736, 0.992273673,
2317.746136741, 0.992523959,
2317.766568546, 0.992124237,
2317.787000451, 0.992331489,
2317.807432456, 0.992551567,
2317.848296164, 0.993952719,
2317.868728168, 0.992217803,
2317.889159971, 0.992258293,
2317.909591874, 0.992369565,
2317.930023876, 0.992525475,
2317.950455779, 0.992610749,
2317.970887581, 0.992864435,
2317.991319582, 0.992607426,
2318.011751483, 0.992361997,
2318.032183284, 0.992434842,
2318.052615285, 0.991985395,
2318.093478985, 0.992804732,
2318.113910985, 0.992993107,
2318.134342884, 0.992945653,
2318.154774883, 0.993008139,
2318.175206681, 0.992798821,
2318.195638580, 0.992864513,
2318.216070577, 0.993124497,
2318.236502375, 0.992895830,
2318.256934272, 0.992648325,
2318.277366269, 0.992802165,
2318.297798066, 0.992553366,
2318.359093754, 0.992705613,
2318.379525649, 0.992673463,
2318.399957644, 0.992517090,
2318.420389538, 0.992586416,
2318.440821333, 0.992806805,
2318.461253327, 0.992830078,
2318.481685120, 0.992822397,
2318.502117013, 0.992981730,
2318.522549007, 0.992979691,
2318.583844683, 0.992792773,
2318.604276475, 0.992861220,
2318.624708466, 0.992927012,
2318.645140357, 0.993060507,
2318.665572148, 0.993106840,
2318.686004138, 0.992813654,
2318.706436028, 0.992925540,
2318.726867818, 0.992595141,
2318.747299807, 0.992783756,
2318.767731697, 0.993122034,
2318.788163585, 0.992614978,
2318.829027362, 0.992836880,
2318.849459249, 0.992989487,
2318.869891237, 0.992958141,
2318.890323024, 0.992884680,
2318.910754911, 0.992947308,
2318.931186897, 0.993153420,
2318.951618683, 0.993008330,
2318.972050569, 0.993234740,
2318.992482554, 0.993036355,
2319.012914339, 0.993155738,
2319.033346324, 0.992770922,
2319.074209993, 0.993229244,
2319.094641977, 0.993183655,
2319.115073860, 0.992765927,
2319.135505644, 0.992889102,
2319.155937627, 0.993033990,
2319.176369409, 0.993172254,
2319.196801291, 0.993289427,
2319.217233273, 0.992750052,
2319.237665055, 0.993203727,
2319.258096936, 0.993072407,
2319.278528917, 0.993389853,
2319.298960798, 0.993541316,
2319.319392578, 0.993424650,
2319.339824558, 0.993374342,
2319.360256438, 0.992945293,
2319.380688217, 0.992827943,
2319.401120196, 0.993339532,
2319.421552075, 0.993576732,
2319.441984053, 0.993603386,
2319.462415831, 0.993540811,
2319.482847709, 0.993201077,
2319.503279686, 0.993269538,
2319.523711464, 0.992604058,
2319.564575317, 0.993486320,
2319.585007093, 0.993343093,
2319.605438969, 0.993622241,
2319.625870944, 0.993224653,
2319.646302720, 0.993245369,
2319.666734595, 0.993736662,
2319.687166569, 0.993129106,
2319.707598444, 0.993547387,
2319.728030218, 0.993549693,
2319.748462191, 0.993483133,
2319.768894064, 0.993524743,
2319.809757810, 0.993573616,
2319.830189683, 0.994188933,
2319.850621554, 0.993485861,
2319.871053426, 0.993327615,
2319.891485198, 0.993434673,
2319.911917169, 0.993260572,
2319.932349040, 0.993240236,
2319.952780910, 0.993239397,
2319.973212780, 0.992847817,
2319.993644650, 0.992881807,
2320.014076420, 0.993334337,
2320.034508389, 0.993115677,
2320.054940258, 0.993301711,
2320.075372027, 0.993343687,
2320.095803995, 0.992935509,
2320.116235863, 0.993051390,
2320.136667731, 0.993151601,
2320.157099598, 0.993222366,
2320.177531465, 0.993393596,
2320.197963332, 0.993771849,
2320.218395198, 0.993520385,
2320.238827064, 0.993355037,
2320.259259030, 0.993362992,
2320.300122661, 0.993382311,
2320.320554626, 0.993374500,
2320.340986490, 0.993288002,
2320.361418255, 0.993490357,
2320.381850219, 0.993510729,
2320.402282082, 0.993033266,
2320.422713846, 0.993102169,
2320.443145809, 0.993353119,
2320.463577671, 0.994542150,
2320.484009434, 0.993402724,
2320.504441396, 0.993756732,
2320.524873258, 0.993913287,
2320.545305119, 0.993497083,
2320.565736980, 0.993359282,
2320.586168841, 0.993564613,
2320.606600702, 0.993655122,
2320.627032562, 0.993440677,
2320.647464422, 0.993311937,
2320.667896282, 0.992981852,
2320.688328141, 0.993483711,
2320.708760000, 0.993511549,
2320.729191859, 0.993453832,
2320.749623717, 0.993611334,
2320.790487533, 0.993802796,
2320.810919291, 0.993327106,
2320.831351148, 0.993522955,
2320.851783105, 0.993347597,
2320.872214862, 0.993034296,
2320.892646718, 0.993796280,
2320.913078674, 0.993305855,
2320.933510430, 0.993530775,
2320.953942285, 0.993506562,
2320.974374240, 0.993138797,
2320.994805995, 0.993333368,
2321.015237849, 0.993257951,
2321.035669804, 0.993198184,
2321.056101557, 0.993324231,
2321.076533511, 0.993272508,
2321.096965364, 0.993676992,
2321.117397217, 0.993350079,
2321.137829070, 0.993548809,
2321.158260922, 0.993071524,
2321.178692774, 0.993580082,
2321.199124626, 0.993356704,
2321.219556478, 0.993481577,
2321.239988329, 0.993599831,
2321.280852030, 0.993985985,
2321.301283880, 0.993860782,
2321.321715830, 0.993882889,
2321.342147580, 0.993626521,
2321.362579430, 0.993660087,
2321.383011279, 0.993605619,
2321.403443127, 0.993947895,
2321.423874876, 0.993988641,
2321.444306824, 0.993548906,
2321.464738672, 0.993430262,
2321.485170620, 0.993241529,
2321.505602367, 0.993441898,
2321.526034214, 0.993414197,
2321.546466161, 0.993358171,
2321.566897907, 0.993514858,
2321.587329753, 0.993565888,
2321.607761699, 0.993952111,
2321.628193545, 0.993674194,
2321.648625290, 0.993760040,
2321.669057235, 0.993116273,
2321.689489079, 0.993249969,
2321.709920824, 0.993466806,
2321.730352768, 0.993567932,
2321.771216355, 0.994022290,
2321.791648298, 0.993945714,
2321.812080141, 0.994099360,
2321.832511883, 0.993717377,
2321.852943826, 0.994239655,
2321.873375668, 0.993697046,
2321.893807609, 0.993847370,
2321.914239351, 0.993989432,
2321.934671192, 0.993854642,
2321.955103133, 0.994282736,
2321.975534873, 0.994211966,
2321.995966713, 0.994027290,
2322.016398653, 0.993956094,
2322.036830393, 0.993789596,
2322.057262232, 0.993711737,
2322.077694071, 0.993905171,
2322.098125910, 0.993786831,
2322.118557749, 0.993515956,
2322.138989687, 0.993987528,
2322.159421425, 0.993956906,
2322.179853262, 0.993990137,
2322.200285200, 0.994211619,
2322.220716937, 0.994122387,
2322.261580710, 0.993970361,
2322.282012446, 0.994020870,
2322.302444382, 0.993816792,
2322.322876217, 0.993771143,
2322.343307953, 0.993916677,
2322.363739888, 0.993460668,
2322.384171722, 0.993721758,
2322.404603457, 0.993359226,
2322.425035391, 0.993289862,
2322.445467225, 0.993535051,
2322.465899058, 0.993778442,
2322.486330892, 0.993824313,
2322.506762725, 0.993637568,
2322.527194557, 0.993941569,
2322.547626390, 0.993774333,
2322.568058222, 0.994175420,
2322.588490054, 0.993743977,
2322.608921985, 0.994187425,
2322.629353717, 0.993978130,
2322.649785648, 0.994041014,
2322.670217478, 0.993943540,
2322.690649209, 0.993970942,
2322.711081139, 0.993802070,
2322.751944698, 0.993827283,
2322.772376627, 0.993970946,
2322.792808357, 0.993811721,
2322.813240185, 0.994037291,
2322.833672114, 0.993724710,
2322.854103842, 0.994023612,
2322.874535670, 0.993839066,
2322.894967597, 0.993566258,
2322.915399325, 0.993994928,
2322.935831152, 0.993717281,
2322.956263078, 0.993837905,
2322.976694905, 0.994017230,
2322.997126631, 0.994122783,
2323.017558557, 0.994116707,
2323.037990383, 0.994219171,
2323.058422208, 0.994150043,
2323.078854033, 0.994045139,
2323.099285857, 0.994203440,
2323.119717682, 0.994169146,
2323.140149506, 0.994138102,
2323.160581330, 0.994212318,
2323.181013254, 0.993965276,
2323.201444977, 0.994291108,
2323.242308723, 0.994319231,
2323.262740446, 0.994067006,
2323.283172268, 0.993722802,
2323.303604190, 0.994084358,
2323.324035912, 0.993777873,
2323.344467733, 0.994075278,
2323.364899654, 0.993868723,
2323.385331375, 0.994055890,
2323.405763196, 0.994277442,
2323.426195116, 0.994195883,
2323.446626936, 0.994244734,
2323.467058756, 0.994155551,
2323.487490575, 0.994232784,
2323.507922294, 0.994230511,
2323.528354213, 0.994167230,
2323.548786032, 0.994211007,
2323.569217750, 0.994361865,
2323.589649668, 0.994067378,
2323.610081486, 0.993955955,
2323.630513204, 0.993936482,
2323.650945121, 0.994052450,
2323.671376938, 0.994121339,
2323.691808655, 0.993932511,
2323.732672387, 0.994286636,
2323.753104103, 0.993918766,
2323.773536019, 0.994076323,
2323.814399749, 0.994154534,
2323.834831464, 0.993980088,
2323.855263279, 0.993940760,
2323.875695193, 0.993878624,
2323.896126907, 0.994034666,
2323.916558721, 0.994003754,
2323.936990634, 0.993883612,
2323.957422347, 0.994324335,
2323.977854160, 0.994231121,
2323.998286073, 0.994302139,
2324.018717885, 0.994202082,
2324.039149597, 0.994992207,
2324.059581509, 0.993943763,
2324.080013321, 0.993144239,
2324.100445032, 0.993619895,
2324.120876943, 0.993718404,
2324.141308754, 0.993789355,
2324.161740464, 0.994247217,
2324.182172375, 0.994005492,
2324.243467804, 0.993410716,
2324.263899613, 0.993995670,
2324.284331422, 0.994132266,
2324.304763230, 0.993681909,
2324.325194939, 0.994098819,
2324.345626847, 0.993738397,
2324.366058654, 0.994044913,
2324.386490462, 0.994159044,
2324.406922269, 0.993992736,
2324.427354076, 0.994609291,
2324.447785883, 0.994146073,
2324.468217789, 0.994240659,
2324.488649496, 0.994841223,
2324.509081301, 0.994108377,
2324.529513207, 0.994433449,
2324.549944913, 0.994417573,
2324.570376818, 0.994444752,
2324.590808623, 0.994388765,
2324.611240327, 0.994323940,
2324.631672232, 0.994082708,
2324.652104036, 0.994500035,
2324.672535740, 0.994324346,
2324.713399446, 0.994259422,
2324.733831149, 0.994321497,
2324.754263052, 0.994232335,
2324.774694855, 0.994240436,
2324.795126557, 0.994525905,
2324.815558459, 0.994581014,
2324.835990261, 0.994768674,
2324.856422062, 0.994481526,
2324.876853863, 0.994201279,
2324.897285664, 0.994454922,
2324.917717465, 0.994769102,
2324.938149365, 0.994378560,
2324.958581065, 0.994154807,
2324.979012865, 0.994112268,
2324.999444665, 0.993958020,
2325.019876464, 0.994163127,
2325.040308363, 0.994273645,
2325.060740062, 0.994311728,
2325.081171861, 0.993933351,
2325.101603759, 0.994525188,
2325.122035457, 0.994490336,
2325.142467255, 0.994413419,
2325.162899152, 0.994742968,
2325.203762647, 0.994339539,
2325.224194544, 0.994245714,
2325.244626240, 0.994235255,
2325.265058036, 0.994300838,
2325.285489932, 0.994230029,
2325.305921728, 0.994136721,
2325.326353524, 0.994800920,
2325.346785619, 0.994384264,
2325.367217414, 0.994267178,
2325.387649209, 0.994448382,
2325.408081003, 0.994267294,
2325.428512697, 0.994139023,
2325.448944591, 0.994520865,
2325.469376385, 0.994241154,
2325.489808078, 0.994084263,
2325.510239971, 0.994179435,
2325.530671764, 0.994314352,
2325.551103457, 0.994532434,
2325.571535350, 0.994884251,
2325.591967142, 0.994595202,
2325.612398834, 0.994691242,
2325.632830725, 0.994547729,
2325.653262517, 0.994326713,
2325.694126099, 0.994279783,
2325.714557889, 0.994512081,
2325.734989780, 0.994749096,
2325.755421470, 0.994333977,
2325.775853260, 0.994479359,
2325.796285150, 0.994071307,
2325.816716839, 0.994012136,
2325.837148628, 0.994125857,
2325.857580517, 0.994311819,
2325.878012306, 0.994321747,
2325.898443994, 0.994476936,
2325.918875882, 0.994036213,
2325.939307670, 0.994072062,
2325.959739358, 0.994199521,
2325.980171245, 0.994471852,
2326.000603032, 0.994729441,
2326.021034719, 0.994607106,
2326.041466606, 0.994142506,
2326.061898392, 0.994460226,
2326.082330278, 0.994507889,
2326.102761964, 0.994640697,
2326.123193750, 0.994636654,
2326.143625535, 0.994567828,
2326.204920890, 0.994739866,
2326.225352674, 0.994530337,
2326.245784458, 0.994955973,
2326.266216242, 0.994715898,
2326.286648026, 0.994753028,
2326.307079809, 0.994873083,
2326.327511593, 0.994664555,
2326.347943375, 0.994934008,
2326.368375158, 0.994528808,
2326.388807041, 0.994761790,
2326.409238723, 0.994744494,
2326.429670605, 0.994732784,
2326.450102386, 0.995075735,
2326.470534068, 0.995390589,
2326.490965949, 0.995140565,
2326.511397730, 0.994971966,
2326.531829411, 0.994826689,
2326.552261291, 0.995144843,
2326.572693072, 0.995064857,
2326.593124752, 0.995152981,
2326.613556631, 0.994906229,
2326.633988411, 0.994352644,
2326.654420090, 0.994630272,
2326.674851969, 0.995057428,
2326.695283748, 0.994595854,
2326.715715526, 0.994691388,
2326.736147305, 0.994460888,
2326.756579083, 0.994909469,
2326.777010860, 0.994849641,
2326.797442638, 0.994520620,
2326.817874416, 0.994461403,
2326.838306292, 0.994761033,
2326.858737969, 0.994798282,
2326.879169746, 0.994680208,
2326.920033299, 0.994886736,
2326.940465074, 0.994373476,
2326.960896950, 0.994942141,
2326.981328625, 0.994722087,
2327.001760401, 0.994730577,
2327.022192276, 0.994792542,
2327.042623950, 0.995006475,
2327.063055725, 0.994778760,
2327.083487599, 0.995155863,
2327.103919273, 0.995271272,
2327.124351047, 0.995031416,
2327.144782920, 0.994885890,
2327.165214593, 0.994896775,
2327.185646466, 0.994852202,
2327.206078239, 0.994899708,
2327.226510012, 0.994517439,
2327.246941784, 0.994695849,
2327.267373556, 0.994408703,
2327.287805328, 0.994405738,
2327.308237100, 0.995149501,
2327.328668871, 0.994492718,
2327.349100642, 0.995164523,
2327.369532513, 0.994765303,
2327.410395954, 0.994835279,
2327.430827824, 0.994852487,
2327.451259494, 0.994673793,
2327.471691264, 0.995217449,
2327.492123134, 0.994691945,
2327.512554803, 0.995238730,
2327.532986672, 0.995197805,
2327.553418441, 0.994962274,
2327.573850109, 0.994977397,
2327.594281978, 0.994928802,
2327.614713746, 0.994846243,
2327.635145414, 0.995098417,
2327.655577281, 0.994760318,
2327.676008949, 0.994782020,
2327.696440716, 0.994990749,
2327.716872583, 0.994675022,
2327.737304349, 0.994982125,
2327.757736016, 0.994934952,
2327.778167882, 0.995014007,
2327.798599648, 0.994881113,
2327.819031314, 0.994960010,
2327.839463180, 0.995276866,
2327.859894945, 0.995043169,
2327.900758475, 0.994896933,
2327.921190239, 0.995156881,
2327.941622104, 0.994920229,
2327.962053768, 0.995096132,
2327.982485532, 0.995243766,
2328.002917396, 0.995156366,
2328.023349059, 0.995078057,
2328.043780823, 0.995096637,
2328.064212686, 0.995323124,
2328.084644349, 0.995279167,
2328.105076111, 0.994856424,
2328.145939636, 0.994594245,
2328.166371397, 0.995402726,
2328.186803259, 0.995018749,
2328.207235021, 0.995101751,
2328.227666682, 0.995304170,
2328.248098543, 0.995160062,
2328.268530304, 0.995553799,
2328.288962064, 0.994981522,
2328.309393824, 0.995005324,
2328.329825585, 0.995124470,
2328.350257345, 0.995389084,
2328.391120764, 0.995234384,
2328.411552623, 0.994917093,
2328.431984382, 0.995296501,
2328.452416040, 0.995059451,
2328.472847899, 0.995110839,
2328.493279657, 0.995470878,
2328.513711316, 0.995163774,
2328.534143173, 0.995111353,
2328.554574931, 0.994871459,
2328.575006689, 0.995452027,
2328.595438446, 0.995029663,
2328.615870203, 0.995102150,
2328.636302059, 0.995233253,
2328.656733716, 0.995020231,
2328.677165472, 0.995332712,
2328.697597329, 0.995656987,
2328.718028984, 0.995359505,
2328.738460740, 0.995598519,
2328.758892596, 0.995382120,
2328.779324351, 0.995082358,
2328.799756006, 0.995491587,
2328.820187860, 0.995135846,
2328.840619615, 0.995569554,
2328.881483124, 0.994901672,
2328.901914877, 0.995251636,
2328.922346531, 0.995116258,
2328.942778385, 0.995388654,
2328.963210138, 0.994863667,
2328.983641991, 0.995148045,
2329.004073644, 0.995101289,
2329.024505396, 0.995355014,
2329.044937149, 0.995431239,
2329.065368901, 0.995239479,
2329.085800653, 0.995567108,
2329.106232404, 0.995238675,
2329.126664156, 0.995358727,
2329.147095907, 0.995085154,
2329.167527658, 0.995096634,
2329.187959409, 0.995073623,
2329.208391160, 0.995023999,
2329.228823010, 0.995300534,
2329.249254660, 0.995441070,
2329.269686411, 0.995373440,
2329.290118260, 0.995339994,
2329.310549910, 0.996109685,
2329.330981759, 0.995597495,
2329.371845157, 0.996248519,
2329.392277006, 0.995457619,
2329.412708754, 0.995459580,
2329.433140403, 0.995574121,
2329.453572251, 0.995614458,
2329.474003999, 0.995732364,
2329.494435647, 0.995378910,
2329.514867494, 0.995202970,
2329.535299241, 0.995097041,
2329.555730888, 0.995541051,
2329.576162735, 0.995126396,
2329.596594482, 0.995311513,
2329.617026228, 0.995144470,
2329.637457974, 0.995048847,
2329.657889720, 0.995362323,
2329.678321566, 0.995705986,
2329.698753311, 0.995437437,
2329.719184957, 0.995602208,
2329.739616802, 0.995541405,
2329.760048547, 0.995137626,
2329.780480191, 0.995375447,
2329.800912036, 0.995318351,
2329.821343780, 0.995292544,
2329.862207268, 0.995657361,
2329.882638912, 0.995692060,
2329.903070655, 0.995686064,
2329.923502499, 0.995768129,
2329.943934142, 0.995525361,
2329.964365884, 0.995529096,
2329.984797727, 0.995857686,
2330.005229370, 0.995459576,
2330.025661212, 0.995909740,
2330.046092954, 0.995621069,
2330.066524696, 0.995805732,
2330.107388179, 0.995235555,
2330.127819920, 0.995292995,
2330.148251661, 0.995501936,
2330.168683402, 0.995043400,
2330.189115142, 0.995967009,
2330.209546983, 0.995951336,
2330.229978623, 0.995787706,
2330.250410363, 0.995617894,
2330.270842202, 0.995654279,
2330.291273842, 0.995833202,
2330.311705581, 0.995405684,
2330.332137420, 0.995482392,
2330.352569059, 0.995353974,
2330.373000898, 0.995589535,
2330.393432637, 0.995311767,
2330.413864275, 0.995440622,
2330.434296113, 0.996394197,
2330.454727851, 0.994851092,
2330.475159489, 0.995366159,
2330.495591326, 0.995056379,
2330.516023064, 0.995387618,
2330.536454801, 0.995558666,
2330.556886538, 0.995667324,
2330.577318275, 0.995768275,
2330.597749911, 0.995878546,
2330.618181747, 0.995773642,
2330.638613484, 0.995653736,
2330.659045119, 0.995769108,
2330.679476955, 0.995763812,
2330.699908691, 0.995883821,
2330.720340426, 0.995643923,
2330.740772161, 0.995525887,
2330.761203896, 0.995855473,
2330.781635731, 0.995522996,
2330.802067365, 0.995611427,
2330.842930934, 0.995804619,
2330.863362568, 0.995883107,
2330.883794302, 0.995638302,
2330.904226135, 0.996147865,
2330.924657768, 0.996027043,
2330.945089502, 0.996278718,
2330.965521334, 0.996205557,
2330.985952967, 0.996084184,
2331.006384700, 0.996050915,
2331.026816532, 0.995775562,
2331.047248264, 0.995977340,
2331.067679996, 0.996078966,
2331.088111728, 0.995538193,
2331.108543460, 0.995838894,
2331.128975191, 0.995804724,
2331.149406922, 0.995994328,
2331.169838653, 0.995978385,
2331.190270384, 0.995426462,
2331.210702115, 0.995840002,
2331.231133845, 0.995680918,
2331.251565575, 0.995362931,
2331.271997305, 0.996008217,
2331.292429035, 0.995589467,
2331.312860765, 0.996104022,
2331.333292494, 0.995938246,
2331.353724124, 0.995760610,
2331.374155953, 0.996079560,
2331.394587682, 0.995906546,
2331.415019510, 0.995772676,
2331.435451139, 0.995931138,
2331.455882867, 0.995866144,
2331.476314695, 0.995978665,
2331.496746323, 0.996085088,
2331.517178051, 0.996103460,
2331.537609879, 0.995941205,
2331.578473233, 0.995759637,
2331.598905060, 0.995969072,
2331.619336787, 0.995780742,
2331.639768413, 0.996026034,
2331.660200240, 0.995825128,
2331.680631966, 0.996011829,
2331.701063692, 0.995870848,
2331.721495418, 0.995838701,
2331.741927144, 0.996078373,
2331.762358969, 0.995881433,
2331.782790594, 0.995413193,
2331.823654144, 0.995660268,
2331.844085769, 0.995877408,
2331.864517493, 0.996108166,
2331.884949318, 0.996029202,
2331.905380942, 0.996200734,
2331.925812666, 0.996489790,
2331.946244490, 0.995912082,
2331.966676113, 0.995764895,
2331.987107837, 0.995964014,
2332.007539560, 0.995990923,
2332.027971283, 0.995569921,
2332.068834729, 0.995878759,
2332.089266451, 0.996245616,
2332.109698273, 0.996122391,
2332.130129996, 0.996287074,
2332.150561618, 0.995875097,
2332.170993439, 0.996056896,
2332.191425161, 0.995555042,
2332.211856782, 0.995916338,
2332.232288603, 0.996245176,
2332.252720324, 0.995856303,
2332.273151945, 0.996006274,
2332.293583766, 0.995958896,
2332.314015486, 0.996195432,
2332.334447107, 0.996046914,
2332.354878927, 0.996270665,
2332.375310647, 0.995771327,
2332.395742467, 0.995647142,
2332.416174086, 0.996033387,
2332.436605806, 0.996067494,
2332.457037625, 0.996415550,
2332.477469244, 0.996130576,
2332.497900963, 0.996056248,
2332.518332781, 0.996003987,
2332.538764400, 0.995864962,
2332.559196118, 0.996140987,
2332.579627936, 0.996090818,
2332.600059654, 0.996208530,
2332.620491272, 0.995878550,
2332.640923090, 0.996297584,
2332.661354807, 0.996301263,
2332.681786424, 0.996085818,
2332.702218241, 0.996316589,
2332.722649958, 0.996093474,
2332.743081675, 0.996190738,
2332.763513392, 0.996139715,
2332.783945108, 0.996233224,
2332.824808540, 0.995884007,
2332.845240156, 0.995867742,
2332.865671972, 0.995801140,
2332.886103687, 0.996096765,
2332.906535302, 0.995944721,
2332.926967118, 0.995980135,
2332.947398833, 0.996549771,
2332.967830547, 0.996159619,
2332.988262262, 0.996119833,
2333.008693976, 0.996066570,
2333.049557405, 0.995938482,
2333.069989119, 0.996030614,
2333.090420932, 0.996208025,
2333.110852646, 0.996272098,
2333.131284259, 0.996217579,
2333.151716073, 0.996214317,
2333.172147786, 0.996226640,
2333.192579398, 0.996095488,
2333.213011211, 0.996101944,
2333.233442924, 0.996459230,
2333.253874536, 0.996147147,
2333.274306348, 0.996277350,
2333.294738060, 0.996269641,
2333.315169672, 0.996174308,
2333.335601484, 0.996685955,
2333.356033195, 0.996336602,
2333.376465007, 0.996193042,
2333.396896618, 0.996247037,
2333.417328329, 0.996218222,
2333.437760140, 0.996672264,
2333.458191750, 0.996245949,
2333.478623461, 0.995969109,
2333.499055171, 0.995972913,
2333.519486881, 0.996598580,
2333.539918591, 0.996471508,
2333.560350301, 0.996325005,
2333.580782011, 0.996167408,
2333.601213720, 0.996199246,
2333.621645529, 0.996410375,
2333.642077139, 0.996180312,
2333.662508948, 0.996151847,
2333.682940656, 0.996434309,
2333.703372265, 0.996461883,
2333.723804073, 0.996446355,
2333.744235782, 0.996000609,
2333.764667390, 0.996127018,
2333.785099198, 0.996134382,
2333.805530906, 0.996292158,
2333.825962513, 0.996161014,
2333.846394321, 0.996423034,
2333.866826028, 0.996305193,
2333.887257635, 0.996169837,
2333.907689442, 0.996194835,
2333.928121149, 0.995981509,
2333.948552856, 0.998019176,
2333.968984562, 0.995870688,
2333.989416268, 0.996339015,
2334.030279681, 0.996347608,
2334.050711386, 0.996163578,
2334.071143192, 0.995902319,
2334.091574898, 0.996285086,
2334.112006503, 0.996247419,
2334.132438308, 0.996221974,
2334.152870013, 0.996015605,
2334.173301618, 0.995878786,
2334.193733423, 0.995856491,
2334.214165027, 0.995700579,
2334.234596732, 0.995725393,
2334.255028536, 0.995552468,
2334.275460140, 0.995499842,
2334.295891944, 0.995771826,
2334.316323648, 0.995277154,
2334.336755251, 0.995651907,
2334.357187055, 0.995579779,
2334.377618758, 0.995674680,
2334.398050361, 0.996114185,
2334.418482164, 0.996424526,
2334.438913867, 0.996515398,
2334.459345569, 0.996486919,
2334.479777272, 0.996380102,
2334.500208974, 0.996375912,
2334.520640676, 0.996493016,
2334.541072378, 0.996130955,
2334.561504080, 0.996246740,
2334.581935882, 0.996373990,
2334.602367583, 0.996424778,
2334.622799185, 0.996316010,
2334.643230986, 0.996375670,
2334.663662687, 0.996263038,
2334.684094288, 0.996539256,
2334.704526088, 0.996200673,
2334.724957789, 0.996651909,
2334.745389390, 0.996148771,
2334.765821190, 0.996149226,
2334.786252890, 0.996256130,
2334.806684490, 0.996096486,
2334.827116290, 0.996696174,
2334.847547989, 0.996186056,
2334.867979589, 0.996474621,
2334.888411388, 0.996158264,
2334.908843087, 0.996150777,
2334.929274886, 0.996091961,
2334.949706485, 0.995839490,
2334.970138184, 0.996522666,
2335.011001581, 0.996905902,
2335.031433279, 0.996174403,
2335.051864977, 0.996260332,
2335.072296675, 0.996162096,
2335.092728373, 0.996360820,
2335.113160071, 0.996461392,
2335.133591768, 0.996759028,
2335.154023466, 0.996688150,
2335.174455263, 0.996676193,
2335.194886860, 0.996649494,
2335.215318657, 0.996165982,
2335.235750354, 0.996679763,
2335.256181950, 0.996728184,
2335.276613747, 0.996496455,
2335.297045443, 0.996802771,
2335.317477039, 0.996841227,
2335.337908835, 0.996552231,
2335.358340531, 0.996691298,
2335.378772127, 0.996800185,
2335.399203922, 0.996912449,
2335.419635618, 0.997098079,
2335.440067313, 0.996513909,
2335.460499008, 0.996670641,
2335.480930703, 0.996647949,
2335.501362498, 0.996546599,
2335.521794093, 0.996420489,
2335.542225787, 0.996462877,
2335.562657582, 0.995934506,
2335.583089276, 0.996517105,
2335.603520870, 0.996830051,
2335.623952664, 0.996814517,
2335.644384358, 0.997602772,
2335.664815951, 0.996634901,
2335.685247745, 0.996552450,
2335.705679338, 0.997036277,
2335.726111031, 0.996822447,
2335.746542825, 0.997012249,
2335.766974417, 0.996789639,
2335.787406110, 0.996454648,
2335.807837903, 0.996492037,
2335.828269495, 0.996909021,
2335.848701288, 0.996882897,
2335.869132980, 0.997338479,
2335.889564572, 0.996956107,
2335.909996364, 0.996824005,
2335.930428056, 0.996595337,
2335.950859647, 0.996675515,
2335.991723130, 0.996819667,
2336.012154822, 0.996533052,
2336.032586513, 0.996794426,
2336.053018203, 0.996976290,
2336.073449894, 0.996982360,
2336.093881585, 0.997378791,
2336.114313276, 0.996686879,
2336.134745066, 0.997069458,
2336.155176756, 0.997098333,
2336.175608346, 0.996959031,
2336.196040136, 0.996790593,
2336.216471826, 0.996654693,
2336.236903416, 0.997033590,
2336.257335205, 0.997075846,
2336.277766894, 0.996818001,
2336.298198484, 0.997078547,
2336.318630273, 0.997051077,
2336.339061962, 0.996837027,
2336.359493551, 0.996749922,
2336.379925339, 0.996604653,
2336.400357028, 0.997119372,
2336.420788716, 0.996953168,
2336.441220405, 0.996841633,
2336.461651993, 0.996575085,
2336.482083781, 0.996634981,
2336.502515469, 0.996926862,
2336.522947156, 0.996396392,
2336.543378844, 0.996273136,
2336.563810531, 0.996809537,
2336.584242219, 0.996775303,
2336.604673906, 0.996890896,
2336.625105593, 0.996572267,
2336.645537280, 0.996603327,
2336.665969067, 0.996941173,
2336.686400653, 0.997178627,
2336.706832440, 0.997052064,
2336.727264126, 0.996795702,
2336.747695713, 0.996754793,
2336.768127499, 0.997135652,
2336.788559185, 0.996836378,
2336.808990771, 0.996888581,
2336.829422556, 0.996906630,
2336.849854242, 0.997151364,
2336.870285827, 0.996733433,
2336.890717613, 0.996891472,
2336.911149298, 0.996700234,
2336.931580883, 0.996975828,
2336.972444353, 0.997199449,
2336.992876137, 0.997340313,
2337.013307722, 0.997350068,
2337.033739406, 0.997200251,
2337.054171191, 0.997145694,
2337.074602875, 0.997249884,
2337.095034459, 0.997272449,
2337.115466143, 0.997116914,
2337.135897926, 0.997158615,
2337.156329510, 0.997566623,
2337.176761294, 0.997272763,
2337.197192877, 0.997391346,
2337.217624560, 0.997191484,
2337.238056343, 0.997163538,
2337.258487926, 0.996784201,
2337.278919709, 0.997129361,
2337.299351392, 0.997088425,
2337.319782974, 0.999319444,
2337.340214757, 0.997327170,
2337.360646439, 0.997226801,
2337.381078022, 0.997406581,
2337.401509804, 0.997676233,
2337.421941486, 0.997817519,
2337.442373067, 0.997440282,
2337.462804849, 0.997284921,
2337.483236531, 0.997207316,
2337.503668212, 0.997064990,
2337.524099893, 0.996970301,
2337.544531575, 0.997659609,
2337.564963256, 0.997368551,
2337.585394937, 0.997297859,
2337.605826618, 0.997359743,
2337.626258398, 0.997355451,
2337.646690079, 0.997043498,
2337.667121659, 0.996890524,
2337.707985120, 0.997134297,
2337.728416700, 0.997029675,
2337.748848480, 0.997039453,
2337.769280160, 0.996863536,
2337.789711740, 0.997178677,
2337.810143519, 0.996419400,
2337.830575099, 0.997223747,
2337.851006778, 0.996975483,
2337.871438557, 0.997057839,
2337.891870236, 0.997620583,
2337.912301915, 0.997226998,
2337.973596952, 0.997738412,
2337.994028630, 0.997661949,
2338.014460309, 0.997628755,
2338.034891987, 0.997288771,
2338.055323665, 0.997544493,
2338.075755343, 0.997412930,
2338.096187021, 0.997679907,
2338.116618699, 0.997599032,
2338.137050376, 0.997479140,
2338.157482154, 0.997696886,
2338.177913731, 0.997848487,
2338.198345509, 0.997716633,
2338.218777186, 0.997641139,
2338.239208763, 0.997405955,
2338.259640540, 0.997400305,
2338.280072217, 0.997309362,
2338.300503794, 0.997409563,
2338.320935570, 0.997552869,
2338.341367247, 0.997451862,
2338.361798823, 0.997762546,
2338.382230599, 0.997713432,
2338.402662275, 0.997716394,
2338.443525627, 0.997319861,
2338.463957303, 0.997480417,
2338.484389079, 0.997675097,
2338.504820654, 0.997408432,
2338.525252330, 0.997537385,
2338.545684105, 0.997175872,
2338.566115681, 0.997348263,
2338.586547356, 0.997214051,
2338.606979031, 0.997728112,
2338.627410706, 0.997367955,
2338.647842380, 0.997022598,
2338.668274155, 0.997376673,
2338.688705729, 0.997461753,
2338.709137404, 0.997727434,
2338.729569178, 0.997845703,
2338.750000752, 0.997837365,
2338.770432527, 0.997583931,
2338.790864201, 0.997187917,
2338.811295775, 0.997413682,
2338.831727548, 0.997415793,
2338.852159222, 0.997718392,
2338.872590795, 0.997510651,
2338.893022569, 0.997501276,
2338.913454242, 0.997050379,
2338.933885815, 0.997300828,
2338.954317589, 0.997277773,
2338.974749261, 0.997474754,
2338.995181034, 0.997219699,
2339.015612607, 0.997657281,
2339.036044280, 0.997583439,
2339.056476052, 0.997515918,
2339.076907625, 0.997787891,
2339.097339297, 0.997695349,
2339.117771069, 0.997716020,
2339.138202742, 0.997560757,
2339.179066086, 0.998070087,
2339.199497757, 0.997256781,
2339.219929329, 0.997435227,
2339.240361101, 0.997706689,
2339.260792772, 0.997599794,
2339.281224443, 0.997748995,
2339.301656115, 0.997610283,
2339.322087686, 0.997461398,
2339.342519457, 0.997690004,
2339.362951128, 0.997765846,
2339.383382699, 0.997741296,
2339.403814470, 0.998150591,
2339.424246140, 0.997850496,
2339.444677711, 0.997518436,
2339.465109481, 0.997809150,
2339.485541151, 0.997581284,
2339.505972822, 0.997567138,
2339.526404492, 0.997793456,
2339.546836162, 0.997815143,
2339.567267932, 0.997798813,
2339.587699502, 0.997853388,
2339.608131171, 0.997500003,
2339.628562941, 0.997744626,
2339.648994510, 0.997722652,
2339.669426180, 0.997818825,
2339.689857949, 0.997689429,
2339.710289618, 0.997665071,
2339.730721187, 0.998047634,
2339.751152956, 0.998116239,
2339.771584625, 0.997951867,
2339.792016194, 0.997954892,
2339.812447963, 0.997982998,
2339.832879631, 0.997875715,
2339.853311400, 0.998078291,
2339.873742968, 0.997734366,
2339.914606405, 0.997704823,
2339.935037973, 0.997317585,
2339.955469641, 0.997774394,
2339.975901409, 0.997789524,
2339.996332976, 0.997911671,
2340.016764644, 0.997806317,
2340.037196312, 0.997937539,
2340.057627979, 0.998484872,
2340.078059647, 0.997814482,
2340.098491314, 0.998196318,
2340.118922981, 0.998074215,
2340.159786415, 0.997809888,
2340.180217982, 0.998410273,
2340.200649749, 0.998151348,
2340.221081416, 0.997864778,
2340.241512982, 0.997952022,
2340.261944749, 0.998005715,
2340.282376415, 0.997587121,
2340.302807982, 0.998143275,
2340.323239748, 0.998065353,
2340.343671414, 0.998071248,
2340.364103180, 0.998187012,
2340.384534746, 0.998087906,
2340.404966412, 0.998317918,
2340.425398178, 0.998140290,
2340.445829743, 0.998086824,
2340.466261409, 0.998456267,
2340.486693174, 0.998154226,
2340.507124740, 0.998081203,
2340.527556405, 0.998400361,
2340.547988170, 0.998042706,
2340.568419735, 0.998054142,
2340.588851400, 0.997912961,
2340.609283165, 0.998257817,
2340.629714830, 0.998345381,
2340.650146495, 0.998345318,
2340.670578160, 0.998544325,
2340.691009824, 0.998262861,
2340.711441489, 0.998078420,
2340.731873153, 0.997968193,
2340.752304817, 0.998255061,
2340.772736482, 0.998065451,
2340.793168146, 0.998313384,
2340.813599710, 0.998248067,
2340.834031474, 0.998198306,
2340.854463138, 0.998489090,
2340.874894701, 0.998455857,
2340.895326465, 0.998572183,
2340.915758129, 0.998810244,
2340.936189892, 0.998630789,
2340.956621455, 0.999380192,
2340.977053119, 0.998416339,
2340.997484882, 0.998201044,
2341.017916445, 0.998545141,
2341.038348108, 0.998159419,
2341.058779871, 0.998137247,
2341.079211434, 0.998663405,
2341.099643097, 0.998590804,
2341.120074860, 0.998569917,
2341.140506522, 0.998327908,
2341.160938185, 0.998629601,
2341.181369847, 0.998425563,
2341.201801509, 0.998661056,
2341.222233172, 0.998516515,
2341.242664834, 0.998357178,
2341.263096496, 0.998347195,
2341.283528158, 0.998253605,
2341.303959820, 0.998467359,
2341.324391482, 0.998436670,
2341.344823244, 0.998381564,
2341.365254805, 0.998656733,
2341.385686467, 0.998481044,
2341.406118129, 0.998296473,
2341.426549790, 0.998194862,
2341.446981551, 0.998063133,
2341.467413113, 0.998272600,
2341.487844774, 0.998310790,
2341.508276535, 0.998602117,
2341.528708096, 0.998637163,
2341.549139757, 0.998613497,
2341.569571518, 0.998258827,
2341.590003078, 0.998804622,
2341.610434739, 0.998208965,
2341.630866500, 0.998475603,
2341.651298060, 0.998646118,
2341.671729821, 0.997982636,
2341.692161481, 0.998538656,
2341.712593141, 0.998525867,
2341.733024802, 0.998280542,
2341.753456462, 0.998819878,
2341.773888122, 0.998582566,
2341.794319782, 0.998315681,
2341.814751442, 0.998569164,
2341.835183102, 0.998355536,
2341.896478081, 0.998253307,
2341.916909840, 0.998146757,
2341.937341399, 0.998326403,
2341.957773159, 0.998302856,
2341.978204818, 0.998638453,
2341.998636377, 0.998632720,
2342.019068136, 0.998627081,
2342.039499795, 0.998639578,
2342.059931354, 0.998315938,
2342.080363113, 0.998211935,
2342.100794772, 0.998957029,
2342.121226331, 0.998176799,
2342.141658089, 0.998233920,
2342.162089748, 0.998114513,
2342.182521407, 0.998684919,
2342.202953065, 0.998507855,
2342.223384723, 0.998498783,
2342.243816382, 0.998705792,
2342.264248040, 0.998515754,
2342.284679698, 0.998232497,
2342.305111356, 0.998271124,
2342.325543014, 0.998343930,
2342.345974672, 0.998328287,
2342.366406430, 0.998215848,
2342.386837988, 0.998817697,
2342.407269645, 0.998570318,
2342.427701403, 0.998603037,
2342.448132961, 0.998428381,
2342.468564718, 0.998712932,
2342.488996375, 0.998748283,
2342.509427933, 0.998638883,
2342.529859690, 0.998479203,
2342.550291347, 0.998570461,
2342.570722904, 0.998217287,
2342.591154661, 0.997610288,
2342.611586318, 0.997856239,
2342.632017875, 0.997489429,
2342.652449632, 0.998129954,
2342.672881289, 0.997922264,
2342.693313046, 0.998010789,
2342.713744602, 0.998408757,
2342.734176259, 0.998272187,
2342.754608015, 0.998155379,
2342.775039572, 0.998582492,
2342.795471228, 0.998332935,
2342.815902885, 0.998605782,
2342.836334641, 0.998608826,
2342.856766197, 0.998687411,
2342.877197953, 0.998923741,
2342.897629509, 0.998620340,
2342.918061265, 0.999077248,
2342.938492921, 0.998908939,
2342.958924477, 0.998678939,
2342.979356233, 0.998949041,
2342.999787888, 0.998654203,
2343.020219444, 0.998920259,
2343.040651199, 0.998827523,
2343.061082855, 0.998556371,
2343.081514410, 0.998661828,
2343.101946166, 0.998564197,
2343.122377821, 0.998494372,
2343.142809376, 0.998809723,
2343.163241131, 0.998748018,
2343.183672787, 0.998747633,
2343.204104542, 0.998768900,
2343.224536096, 0.998952905,
2343.244967751, 0.998647190,
2343.265399506, 0.999073051,
2343.285831061, 0.998958232,
2343.306262716, 0.999039125,
2343.326694470, 0.999272595,
2343.347126125, 0.999047416,
2343.367557680, 0.999108000,
2343.387989434, 0.998798375,
2343.408421089, 0.998898747,
2343.428852743, 0.998803296,
2343.449284397, 0.998613846,
2343.469716051, 0.998706713,
2343.490147806, 0.998792518,
2343.510579360, 0.998762838,
2343.531011014, 0.998433035,
2343.551442668, 0.998865327,
2343.571874322, 0.998702858,
2343.592305975, 1.001262181,
2343.612737629, 0.999032942,
2343.633169283, 0.999099955,
2343.653601037, 0.999151729,
2343.674032590, 0.999031855,
2343.694464244, 0.998986358,
2343.714895998, 0.998934569,
2343.735327551, 0.998797882,
2343.755759204, 0.998816851,
2343.776190958, 0.998766352,
2343.796622511, 0.998710935,
2343.837485917, 0.999230711,
2343.857917571, 0.999232799,
2343.878349124, 0.998600960,
2343.898780877, 0.999172938,
2343.919212530, 0.999034415,
2343.939644182, 0.999066906,
2343.960075835, 0.998975006,
2343.980507488, 0.998550843,
2344.000939241, 0.998667383,
2344.021370793, 0.998239259,
2344.041802446, 0.998354734,
2344.062234199, 0.998565443,
2344.082665751, 0.998443456,
2344.103097404, 0.998853375,
2344.123529156, 0.998527660,
2344.143960708, 0.998401820,
2344.164392461, 0.998826356,
2344.184824113, 0.998854048,
2344.205255665, 0.998857904,
2344.225687417, 0.998932316,
2344.246119069, 0.998691824,
2344.266550621, 0.998604933,
2344.286982373, 0.998430684,
2344.307413925, 0.998465339,
2344.327845677, 0.998396663,
2344.348277329, 0.998468940,
2344.368708880, 0.999112602,
2344.389140632, 0.998323871,
2344.409572284, 0.998625152,
2344.430003935, 0.998555704,
2344.450435587, 0.998505033,
2344.470867238, 0.998620726,
2344.491298890, 0.998448337,
2344.511730541, 0.998399891,
2344.532162193, 0.998670829,
2344.552593844, 0.998750342,
2344.573025595, 0.998885206,
2344.593457146, 0.998643553,
2344.613888798, 0.998606814,
2344.634320549, 0.998879226,
2344.654752100, 0.998701289,
2344.675183851, 0.998810208,
2344.695615502, 0.998815303,
2344.716047053, 0.998631869,
2344.736478804, 0.998801154,
2344.756910454, 0.998530545,
2344.777342005, 0.998740261,
2344.818205407, 0.998470721,
2344.838637057, 0.998475748,
2344.859068708, 0.998592191,
2344.879500358, 0.998689223,
2344.899932109, 0.998575605,
2344.920363659, 0.998593829,
2344.940795310, 0.998621909,
2344.961226960, 0.998567094,
2344.981658610, 0.998240650,
2345.002090261, 0.998330865,
2345.022522011, 0.998350127,
2345.063385211, 0.998598660,
2345.083816961, 0.998708523,
2345.104248511, 0.998329461,
2345.124680261, 0.998718070,
2345.145111911, 0.998508638,
2345.165543461, 0.998350384,
2345.185975211, 0.998554907,
2345.206406861, 0.998699059,
2345.226838411, 0.999072965,
2345.247270161, 0.998994569,
2345.267701810, 0.998792604,
2345.288133360, 0.999201410,
2345.308565110, 0.999058684,
2345.328996759, 0.999188837,
2345.349428509, 0.999166878,
2345.369860058, 0.998841061,
2345.390291708, 0.999025199,
2345.410723457, 0.998868871,
2345.431155007, 0.998818710,
2345.451586656, 0.998532384,
2345.472018405, 0.998890859,
2345.492450054, 0.998806024,
2345.512881604, 0.999142247,
2345.533313353, 0.998877154,
2345.553745002, 0.998815619,
2345.574176651, 0.999091451,
2345.594608300, 0.998610467,
2345.615039949, 0.999177656,
2345.635471598, 0.998856027,
2345.655903247, 0.998868840,
2345.676334896, 0.998688470,
2345.696766545, 0.998918175,
2345.717198194, 0.998650683,
2345.737629843, 0.998697529,
2345.758061491, 0.998954099,
2345.798924689, 0.999095824,
2345.819356438, 0.999066531,
2345.839788086, 0.999160302,
2345.860219835, 0.999438563,
2345.880651383, 0.999038740,
2345.901083032, 0.998705338,
2345.921514780, 0.998880117,
2345.941946329, 0.999074971,
2345.962377977, 0.998816313,
2345.982809726, 0.998667913,
2346.003241274, 0.998799742,
2346.044104671, 0.998917084,
2346.064536319, 0.999019272,
2346.084967967, 0.998731826,
2346.105399615, 0.998988806,
2346.125831263, 0.999394246,
2346.146262911, 0.999113251,
2346.166694560, 0.999254048,
2346.187126208, 0.999208452,
2346.207557956, 0.998998164,
2346.227989504, 0.999442681,
2346.248421152, 0.998938890,
2346.289284447, 0.998885230,
2346.309716195, 0.998999348,
2346.330147843, 0.998879436,
2346.350579391, 0.999098618,
2346.371011139, 0.999150029,
2346.391442786, 0.998784393,
2346.411874334, 0.999202345,
2346.432306082, 0.999159432,
2346.452737630, 0.999569541,
2346.473169277, 0.999108137,
2346.493601025, 0.999020139,
2346.534464320, 0.999159574,
2346.554895968, 0.998999713,
2346.575327615, 0.999279769,
2346.595759262, 0.999006750,
2346.616190910, 0.999282433,
2346.636622557, 0.999328255,
2346.657054205, 0.999054496,
2346.677485852, 0.999196258,
2346.697917499, 0.999006269,
2346.718349247, 0.999049007,
2346.738780794, 0.999104561,
2346.779644188, 0.999580261,
2346.800075736, 0.999128641,
2346.820507483, 0.999506742,
2346.840939130, 0.999426251,
2346.861370677, 0.999153856,
2346.881802424, 0.998830363,
2346.902234071, 0.999070085,
2346.922665618, 0.999396962,
2346.943097365, 0.998940167,
2346.963529012, 0.998680871,
2346.983960759, 0.998796132,
2347.004392306, 0.998924093,
2347.024823953, 0.998997170,
2347.045255600, 0.998863368,
2347.065687247, 0.998962661,
2347.086118894, 0.999403471,
2347.106550641, 0.999156271,
2347.126982188, 0.998999412,
2347.147413834, 0.999572412,
2347.167845481, 0.999031031,
2347.188277128, 0.999256777,
2347.208708875, 0.999157423,
2347.229140421, 0.999120978,
2347.270003815, 0.999150779,
2347.290435462, 0.998818624,
2347.310867008, 0.999209641,
2347.331298755, 0.999252329,
2347.351730401, 0.999093301,
2347.372161948, 0.999080866,
2347.392593695, 0.998876087,
2347.413025341, 0.998816516,
2347.433457088, 0.999201684,
2347.453888634, 0.999250383,
2347.474320281, 0.999405042,
2347.515183574, 0.999048627,
2347.535615220, 0.999076986,
2347.556046966, 0.998767801,
2347.576478513, 0.999192082,
2347.596910159, 0.998950648,
2347.617341906, 0.998727712,
2347.637773452, 0.999424051,
2347.658205198, 0.999017423,
2347.678636845, 0.998989858,
2347.699068491, 0.999273679,
2347.719500137, 0.999158233,
2347.760363430, 0.999416061,
2347.780795076, 0.999025904,
2347.801226722, 0.998818617,
2347.821658368, 0.998525153,
2347.842090015, 0.998829254,
2347.862521661, 0.999001618,
2347.882953407, 0.999026032,
2347.903384953, 0.999006129,
2347.923816599, 0.999089523,
2347.944248345, 0.999315224,
2347.964679891, 0.999445648,
2348.005543284, 0.999374444,
2348.025974830, 0.999491584,
2348.046406476, 0.999093484,
2348.066838222, 0.998941861,
2348.087269768, 0.999092207,
2348.107701514, 0.999386966,
2348.128133160, 0.999465085,
2348.148564706, 0.999449637,
2348.168996452, 0.999399762,
2348.189428098, 0.999080304,
2348.209859744, 0.999103104,
2348.250723036, 0.999136793,
2348.271154682, 0.999413024,
2348.291586328, 0.999297861,
2348.312017974, 0.999500679,
2348.332449720, 0.999344191,
2348.352881366, 0.999274365,
2348.373312911, 0.998838023,
2348.393744657, 0.998884040,
2348.414176303, 0.998824878,
2348.434607849, 0.999473972,
2348.455039595, 0.999343946,
2348.495902787, 0.999269625,
2348.516334533, 0.999363094,
2348.536766078, 0.999177554,
2348.557197824, 0.999247507,
2348.577629470, 1.000441217,
2348.598061016, 0.999110916,
2348.618492762, 0.999197522,
2348.638924408, 0.998930884,
2348.659355953, 0.998905749,
2348.679787699, 0.998917408,
2348.700219345, 0.999079652,
2348.741082637, 0.999257278,
2348.761514282, 0.999204266,
2348.781946028, 0.999140220,
2348.802377574, 0.999039691,
2348.822809220, 0.998875144,
2348.843240966, 0.999283258,
2348.863672511, 0.999733694,
2348.884104157, 0.999745812,
2348.904535903, 0.999779592,
2348.924967549, 0.999167211,
2348.945399194, 0.999460660,
2348.986262486, 0.999080716,
2349.006694132, 0.999041784,
2349.027125777, 0.999078715,
2349.047557423, 0.999261172,
2349.067989169, 0.999409163,
2349.088420715, 0.999203810,
2349.108852360, 0.999324152,
2349.129284106, 0.999722043,
2349.149715652, 0.999382701,
2349.170147398, 0.999361593,
2349.190578943, 0.999247990,
2349.231442335, 0.999486565,
2349.251873881, 0.999500889,
2349.272305526, 0.999323243,
2349.292737272, 0.999766084,
2349.313168818, 0.999553463,
2349.333600464, 0.999874175,
2349.354032209, 0.999780042,
2349.374463755, 0.999595441,
2349.394895501, 0.999508048,
2349.415327147, 0.999354512,
2349.435758792, 0.999958297,
2349.476622084, 0.999749561,
2349.497053730, 1.000033646,
2349.517485375, 0.999320779,
2349.537917021, 0.999609976,
2349.558348667, 0.999388278,
2349.578780413, 0.999327885,
2349.599211959, 0.999764189,
2349.619643704, 0.999457639,
2349.640075350, 0.999188773,
2349.660506896, 0.999598705,
2349.680938642, 0.999509406,
2349.742233579, 0.999422554,
2349.762665225, 0.999573019,
2349.783096971, 0.999544253,
2349.803528517, 0.999229971,
2349.823960163, 0.999230993,
2349.844391909, 0.999130923,
2349.864823454, 0.999402863,
2349.885255100, 0.999210137,
2349.905686746, 0.999440499,
2349.926118392, 0.998894965,
2349.946550038, 0.999315007,
2349.966981684, 0.999459922,
2349.987413330, 0.999294309,
2350.007845076, 0.999232191,
2350.028276622, 0.999658005,
2350.048708268, 0.999587834,
2350.069140014, 0.999201783,
2350.089571660, 0.999596746,
2350.110003206, 0.999754104,
2350.130434952, 0.999838308,
2350.150866598, 0.999639437,
2350.171298144, 0.999736192,
2350.212161536, 0.999378985,
2350.232593282, 0.999299449,
2350.253024828, 0.999910169,
2350.273456474, 1.000132747,
2350.293888220, 0.999992331,
2350.314319766, 0.999226477,
2350.334751412, 0.999361442,
2350.355183158, 0.999694529,
2350.375614704, 0.999731241,
2350.396046450, 0.999562708,
2350.416478097, 0.999815981,
2350.457341389, 0.999592878,
2350.477773035, 0.999969350,
2350.498204581, 0.999495099,
2350.518636327, 0.999655488,
2350.539067974, 0.999840043,
2350.559499620, 0.999760643,
2350.579931266, 0.999875858,
2350.600362913, 0.999473732,
2350.620794559, 0.999983215,
2350.641226205, 0.999654155,
2350.661657851, 0.999499403,
2350.682089498, 1.000069211,
2350.702521144, 0.999726180,
2350.722952791, 0.999900855,
2350.743384537, 0.999750185,
2350.763816083, 0.999348541,
2350.784247830, 0.999667340,
2350.804679476, 0.999372424,
2350.825111023, 0.999809437,
2350.845542769, 0.999712361,
2350.865974416, 0.999491901,
2350.886405962, 0.999790540,
2350.906837709, 0.999999200,
2350.947700902, 0.999993432,
2350.968132648, 0.999406534,
2350.988564295, 0.999402988,
2351.008996042, 0.999203938,
2351.029427588, 0.998966080,
2351.049859235, 0.999009332,
2351.070290982, 0.999317487,
2351.090722528, 0.999035489,
2351.111154175, 0.999063486,
2351.131585922, 0.999095849,
2351.152017469, 0.999270222,
2351.192880862, 0.999682984,
2351.213312509, 0.999884138,
2351.233744156, 0.999757917,
2351.254175803, 0.999576286,
2351.274607350, 0.999307624,
2351.295039097, 0.999923660,
2351.315470744, 0.999737849,
2351.335902391, 0.999858593,
2351.356334038, 0.999874785,
2351.376765685, 0.999936072,
2351.397197432, 1.000118551,
2351.438060626, 0.999736020,
2351.458492373, 0.999857090,
2351.478923920, 0.999727328,
2351.499355567, 0.999853302,
2351.519787314, 0.999995959,
2351.540218862, 0.999990991,
2351.560650509, 1.000001164,
2351.581082256, 0.999609832,
2351.601513803, 0.999445323,
2351.621945551, 1.000155256,
2351.642377198, 0.999987083,
2351.703672140, 0.999627965,
2351.724103688, 0.999929568,
2351.744535435, 0.999682083,
2351.764967083, 1.000004836,
2351.785398830, 1.000102232,
2351.805830378, 0.999884849,
2351.826262025, 0.999691725,
2351.846693773, 0.999730637,
2351.867125420, 1.000028552,
2351.887556968, 0.999902730,
2351.907988716, 1.000672738,
2351.928420364, 1.000313266,
2351.948851911, 0.999720851,
2351.969283659, 0.999967972,
2351.989715307, 0.999610081,
2352.010146955, 0.999855298,
2352.030578603, 1.000366047,
2352.051010151, 1.000133876,
2352.071441899, 1.000147811,
2352.091873546, 1.000771066,
2352.112305094, 1.000297628,
2352.132736843, 1.000272669,
2352.173600239, 1.000067000,
2352.194031787, 1.000189155,
2352.214463435, 1.000494352,
2352.234895183, 1.000002074,
2352.255326731, 1.000052628,
2352.275758380, 1.000296134,
2352.296190128, 1.000225371,
2352.316621676, 1.000312004,
2352.337053325, 1.000164527,
2352.357485073, 1.000298966,
2352.377916721, 0.999978259,
2352.418780018, 1.000225494,
2352.439211667, 1.000484529,
2352.480074964, 1.000468604,
2352.500506613, 1.000161320,
2352.520938261, 1.000207536,
2352.541369910, 1.000599467,
2352.561801659, 1.000140109,
2352.582233308, 1.000180475,
2352.602664856, 1.000429942,
2352.623096605, 1.000630663,
2352.663959803, 1.000356165,
2352.684391552, 1.000507770,
2352.704823101, 1.000246543,
2352.725254850, 1.000439919,
2352.745686499, 1.000112578,
2352.766118048, 1.000170211,
2352.786549797, 1.000217217,
2352.806981447, 1.000342376,
2352.827412996, 1.000493188,
2352.847844745, 1.000867850,
2352.868276394, 1.000381346,
2352.909139693, 1.000981595,
2352.929571343, 1.000597309,
2352.950003092, 1.000132818,
2352.970434641, 1.000243387,
2352.990866291, 1.000462292,
2353.011298041, 1.000594567,
2353.031729590, 1.000492431,
2353.052161240, 1.000129638,
2353.072592990, 1.000262645,
2353.093024639, 1.000434828,
2353.113456289, 1.000557522,
2353.133887939, 1.000669670,
2353.154319589, 1.000161633,
2353.174751239, 1.000419201,
2353.195182889, 1.000554788,
2353.215614539, 1.000764151,
2353.236046289, 1.000380178,
2353.256477839, 1.000497838,
2353.276909489, 1.000612035,
2353.297341239, 1.000624163,
2353.317772789, 1.000816126,
2353.338204540, 1.000598637,
2353.358636190, 1.000910225,
2353.399499491, 1.001030126,
2353.419931041, 1.000953986,
2353.440362692, 1.000581642,
2353.460794442, 1.000429243,
2353.481225993, 1.000477712,
2353.501657743, 1.000561680,
2353.522089394, 1.000228377,
2353.542520945, 0.999935857,
2353.562952695, 1.000227127,
2353.583384346, 1.000454242,
2353.603815997, 1.000705952,
2353.665111050, 1.000823907,
2353.685542601, 1.000526817,
2353.705974252, 1.000581550,
2353.726406003, 1.000847595,
2353.746837654, 1.001040632,
2353.767269206, 1.000923444,
2353.787700957, 1.000781528,
2353.808132608, 1.000805436,
2353.828564160, 1.000616852,
2353.848995911, 1.000582873,
2353.869427563, 1.000626485,
2353.889859314, 1.001163820,
2353.910290866, 1.000759429,
2353.930722517, 1.001034771,
2353.951154269, 1.001145837,
2353.971585821, 1.000962290,
2353.992017473, 1.001023503,
2354.012449224, 1.000786114,
2354.032880776, 1.001033299,
2354.053312528, 1.000950948,
2354.073744080, 1.000799486,
2354.094175732, 1.000642290,
2354.135039037, 1.000838975,
2354.155470689, 1.000837276,
2354.175902441, 1.000790941,
2354.196333993, 1.001021408,
2354.216765646, 1.001003565,
2354.237197398, 1.001173607,
2354.257629051, 1.001149837,
2354.278060703, 1.000868052,
2354.298492356, 1.000694040,
2354.318924008, 1.000877152,
2354.339355661, 1.001112224,
2354.380218966, 1.000588341,
2354.400650719, 1.000950953,
2354.421082272, 1.001165721,
2354.441514025, 1.000939293,
2354.461945678, 1.001058506,
2354.482377231, 1.001013066,
2354.502808984, 1.001181125,
2354.523240638, 1.001090683,
2354.543672191, 1.000973898,
2354.564103944, 1.000879083,
2354.584535597, 1.000991930,
2354.604967351, 1.000809050,
2354.625398904, 1.000619630,
2354.645830558, 1.001145637,
2354.666262211, 1.000990485,
2354.686693865, 1.000950640,
2354.707125519, 1.000669173,
2354.727557173, 1.000772754,
2354.747988826, 1.000420023,
2354.768420480, 1.000678102,
2354.788852134, 1.001327315,
2354.809283788, 1.000829082,
2354.829715542, 1.001035108,
2354.870578750, 1.001171459,
2354.891010505, 1.001067702,
2354.911442059, 1.001168713,
2354.931873713, 1.001335903,
2354.952305468, 1.000711249,
2354.972737122, 1.000678297,
2354.993168777, 1.001398761,
2355.013600431, 1.001004536,
2355.034032086, 1.001167454,
2355.054463841, 1.000952668,
2355.074895396, 1.001176479,
2355.115758805, 1.000974549,
2355.136190360, 1.001100967,
2355.156622115, 1.001116703,
2355.177053770, 1.001022345,
2355.197485326, 1.000932225,
2355.217917081, 1.001009336,
2355.238348736, 1.001490474,
2355.258780292, 1.001256812,
2355.279212047, 1.001508723,
2355.299643702, 1.001232952,
2355.320075258, 1.001425655,
2355.360938669, 1.001454750,
2355.381370425, 1.001295117,
2355.401801981, 1.001333100,
2355.422233637, 1.001150282,
2355.442665293, 1.001411539,
2355.463096949, 1.001455492,
2355.483528605, 1.001049821,
2355.503960261, 1.001635424,
2355.524391917, 1.001271668,
2355.544823673, 1.001299008,
2355.565255230, 1.001264721,
2355.606118643, 1.001289327,
2355.626550299, 1.001229238,
2355.646981856, 1.001475347,
2355.667413612, 1.001390170,
2355.687845269, 1.001487108,
2355.708276926, 1.001567511,
2355.728708583, 1.001481592,
2355.749140240, 1.001249356,
2355.769571997, 1.001203948,
2355.790003554, 1.001154626,
2355.810435211, 1.000741649,
2355.851298526, 1.001501981,
2355.871730183, 1.001656463,
2355.892161941, 1.001797809,
2355.912593498, 1.001404657,
2355.933025256, 1.001665763,
2355.953456913, 1.001197975,
2355.973888471, 1.001293062,
2355.994320229, 1.001220870,
2356.014751887, 1.001499366,
2356.035183545, 1.001348055,
2356.055615203, 1.001460941,
2356.076046861, 1.001539222,
2356.096478519, 1.001214691,
2356.116910177, 1.001588971,
2356.137341836, 1.001588666,
2356.157773494, 1.001438369,
2356.178205152, 1.001488230,
2356.198636811, 1.001800035,
2356.219068470, 1.001541819,
2356.239500128, 1.001894730,
2356.259931887, 1.001717414,
2356.280363546, 1.002051196,
2356.300795105, 1.001807406,
2356.341658523, 1.001563136,
2356.362090082, 1.001607377,
2356.382521841, 1.001689981,
2356.402953500, 1.001413369,
2356.423385060, 1.001656405,
2356.443816819, 1.001809769,
2356.464248479, 1.001477895,
2356.484680238, 1.001474502,
2356.505111798, 1.003374675,
2356.525543458, 1.001488061,
2356.545975218, 1.002052070,
2356.586838438, 1.001581101,
2356.607270198, 1.001416437,
2356.627701758, 1.001695957,
2356.648133518, 1.001563277,
2356.668565178, 1.001541123,
2356.688996739, 1.001318680,
2356.709428499, 1.001355048,
2356.729860160, 1.001404868,
2356.750291820, 1.001414511,
2356.770723481, 1.001109502,
2356.791155142, 1.001601055,
2356.832018464, 1.001710397,
2356.852450125, 1.001739841,
2356.872881786, 1.001545328,
2356.893313447, 1.001719747,
2356.913745108, 1.001831782,
2356.934176869, 1.001934829,
2356.954608431, 1.001882533,
2356.975040092, 1.001581135,
2356.995471854, 1.002141477,
2357.015903416, 1.002079735,
2357.036335177, 1.002023658,
2357.077198401, 1.001003046,
2357.097630163, 1.001443199,
2357.118061825, 1.001584431,
2357.138493387, 1.001588386,
2357.158925150, 1.002154105,
2357.179356812, 1.001957149,
2357.199788574, 1.002075869,
2357.220220137, 1.001845195,
2357.240651799, 1.001871430,
2357.261083562, 1.001750705,
2357.281515125, 1.001644772,
2357.322378551, 1.002076714,
2357.342810114, 1.001704127,
2357.363241877, 1.002029108,
2357.383673540, 1.001480727,
2357.404105203, 1.001911438,
2357.424536867, 1.001544083,
2357.444968530, 1.001410734,
2357.465400194, 1.001477175,
2357.485831857, 1.001437676,
2357.506263521, 1.001798702,
2357.526695085, 1.001609921,
2357.587990177, 1.001512164,
2357.608421841, 1.001976555,
2357.628853505, 1.001848313,
2357.649285269, 1.001832901,
2357.669716834, 1.002008701,
2357.690148498, 1.001896973,
2357.710580263, 1.002034781,
2357.731011827, 1.001813151,
2357.751443592, 1.001826453,
2357.771875257, 1.002161052,
2357.812738587, 1.001550442,
2357.833170252, 1.001896686,
2357.853601818, 1.002269054,
2357.874033583, 1.002119691,
2357.894465248, 1.002013044,
2357.914897014, 1.001826518,
2357.935328579, 1.002142062,
2357.955760245, 1.001958088,
2357.976192011, 1.002155396,
2357.996623577, 1.001886022,
2358.017055243, 1.001787469,
2358.057918675, 1.001813167,
2358.078350341, 1.001934353,
2358.098782007, 1.001758945,
2358.119213674, 1.001952858,
2358.139645340, 1.002155684,
2358.160077007, 1.001893447,
2358.180508574, 1.002324699,
2358.200940340, 1.002145428,
2358.221372007, 1.002009468,
2358.241803574, 1.002465157,
2358.262235341, 1.001917180,
2358.303098776, 1.002142792,
2358.323530343, 1.001591619,
2358.343962011, 1.002168354,
2358.364393778, 1.002044879,
2358.384825346, 1.002293303,
2358.405257014, 1.001965400,
2358.425688782, 1.001815691,
2358.446120350, 1.001857457,
2358.466552118, 1.001558563,
2358.486983786, 1.001853643,
2358.507415354, 1.002012746,
2358.548278791, 1.001871834,
2358.568710359, 1.001776852,
2358.589142128, 1.001326866,
2358.609573797, 1.001779847,
2358.630005566, 1.001508661,
2358.650437135, 1.001899996,
2358.670868804, 1.002186527,
2358.691300573, 1.002112989,
2358.711732242, 1.002147622,
2358.732163811, 1.002082328,
2358.752595581, 1.002198636,
2358.793458820, 1.001913703,
2358.813890590, 1.001940745,
2358.834322160, 1.001935183,
2358.854753930, 1.001966103,
2358.875185600, 1.001774869,
2358.895617170, 1.001917931,
2358.916048940, 1.001737983,
2358.936480610, 1.001788594,
2358.956912181, 1.001862681,
2358.977343951, 1.001966507,
2358.997775622, 1.002027796,
2359.038638964, 1.001789063,
2359.059070635, 1.001873164,
2359.079502406, 1.002178387,
2359.099933977, 1.002113921,
2359.120365648, 1.002197129,
2359.140797420, 1.002016890,
2359.161228991, 1.001608443,
2359.181660763, 1.002053720,
2359.202092434, 1.002094219,
2359.222524006, 1.002391145,
2359.242955778, 1.002025843,
2359.283819122, 1.002414936,
2359.304250794, 1.002206996,
2359.324682467, 1.001911628,
2359.345114139, 1.001850744,
2359.365545812, 1.001951705,
2359.385977484, 1.001776267,
2359.406409257, 1.001074106,
2359.426840930, 1.000672327,
2359.447272503, 1.001578247,
2359.467704276, 1.002034667,
2359.528999296, 1.001616789,
2359.549430869, 1.001820997,
2359.569862643, 1.001716085,
2359.590294317, 1.001885582,
2359.610725891, 1.002067769,
2359.631157665, 1.001800295,
2359.651589339, 1.002047198,
2359.672020913, 1.002235785,
2359.692452687, 1.001959906,
2359.712884362, 1.002316014,
2359.733316136, 1.002904284,
2359.753747711, 1.002054472,
2359.774179385, 1.002241931,
2359.794611160, 1.001906442,
2359.815042735, 1.002324322,
2359.835474410, 1.002152473,
2359.855906185, 1.001867298,
2359.876337761, 1.002392454,
2359.896769536, 1.002188766,
2359.917201212, 1.002020465,
2359.937632887, 1.002102500,
2359.958064563, 1.002340037,
2359.978496239, 1.002809663,
2360.019359591, 1.002185235,
2360.101086296, 1.002042125,
2360.141949750, 1.002003567,
2360.162381326, 1.002009486,
2360.182813103, 1.002151832,
2360.203244680, 1.002086435,
2360.223676358, 1.001895058,
2360.264539713, 1.002168288,
2360.284971490, 1.002497584,
2360.305403168, 1.002186895,
2360.325834746, 1.002537845,
2360.346266523, 1.002393177,
2360.366698201, 1.002191409,
2360.387129780, 1.001974709,
2360.407561558, 1.002083544,
2360.427993236, 1.002285295,
2360.448425015, 1.001973903,
2360.468856593, 1.002307880,
2360.509720051, 1.002643486,
2360.530151630, 1.002688508,
2360.550583309, 1.002595093,
2360.571015088, 1.002294845,
2360.591446767, 1.002091274,
2360.611878447, 1.002165146,
2360.632310126, 1.001951186,
2360.652741806, 1.002315367,
2360.673173486, 1.002638314,
2360.693605166, 1.001813838,
2360.714036846, 1.001986712,
2360.734468626, 1.001735365,
2360.754900206, 1.001826742,
2360.775331887, 1.001860855,
2360.795763567, 1.001526261,
2360.816195248, 1.001852461,
2360.836627029, 1.002443356,
2360.857058710, 1.002498975,
2360.877490291, 1.002303731,
2360.897922072, 1.002121418,
2360.918353653, 1.002386363,
2360.938785334, 1.002485244,
2360.959217116, 1.002198833,
2361.000080479, 1.001990195,
2361.020512161, 1.001952269,
2361.040943743, 1.001709085,
2361.061375525, 1.001709441,
2361.081807208, 1.001550054,
2361.102238890, 1.002349904,
2361.122670572, 1.002139804,
2361.143102255, 1.001919350,
2361.163534038, 1.002412104,
2361.183965621, 1.002315733,
2361.204397304, 1.002728130,
2361.245260670, 1.001985128,
2361.265692353, 1.002335511,
2361.286124137, 1.002050458,
2361.306555820, 1.001964648,
2361.326987504, 1.002170126,
2361.347419188, 1.002314930,
2361.367850872, 1.002290231,
2361.388282556, 1.002136231,
2361.408714240, 1.002084683,
2361.429145925, 1.002213497,
2361.449577709, 1.002285000,
2361.510872764, 1.002521586,
2361.531304349, 1.002224017,
2361.551736134, 1.002167333,
2361.572167719, 1.002242537,
2361.592599405, 1.001504961,
2361.613031190, 1.002021388,
2361.633462776, 1.002338424,
2361.653894462, 1.002247889,
2361.674326247, 1.002168323,
2361.694757834, 1.002068881,
2361.735621306, 1.002688014,
2361.756052893, 1.001808834,
2361.776484679, 1.001950098,
2361.796916366, 1.002178478,
2361.817348053, 1.002329027,
2361.837779740, 1.002349225,
2361.858211427, 1.002291893,
2361.878643214, 1.002421361,
2361.899074801, 1.002198031,
2361.919506489, 1.001966894,
2361.939938277, 1.002444451,
2361.980801552, 1.001876659,
2362.001233340, 1.002146456,
2362.021665028, 1.002209933,
2362.042096717, 1.002271198,
2362.062528405, 1.002647485,
2362.082960094, 1.002129936,
2362.103391882, 1.002200466,
2362.123823471, 1.002209095,
2362.144255160, 1.001664930,
2362.164686949, 1.002302363,
2362.185118539, 1.002331322,
2362.225981918, 1.002188055,
2362.246413607, 1.002201273,
2362.266845397, 1.002287223,
2362.287276987, 1.002338824,
2362.307708677, 1.002323700,
2362.328140467, 1.002486207,
2362.348572058, 1.002312672,
2362.369003848, 1.002254609,
2362.389435539, 1.002549649,
2362.409867129, 1.002123606,
2362.430298920, 1.002543944,
2362.471162303, 1.001999545,
2362.491593994, 1.002432639,
2362.512025685, 1.002121613,
2362.532457377, 1.001834569,
2362.552889069, 1.002133752,
2362.573320760, 1.002156490,
2362.593752552, 1.002291462,
2362.614184245, 1.002583095,
2362.634615837, 1.002668960,
2362.655047629, 1.002661434,
2362.675479322, 1.002553425,
2362.716342707, 1.002130913,
2362.736774400, 1.002260418,
2362.757206193, 1.002422654,
2362.777637787, 1.002321331,
2362.798069480, 1.002176648,
2362.818501274, 1.002165429,
2362.838932867, 1.002243818,
2362.859364561, 1.002119634,
2362.879796355, 1.002064618,
2362.900227949, 1.002470132,
2362.920659744, 1.002139896,
2362.941091338, 1.001950902,
2362.961523032, 1.002276963,
2362.981954827, 1.001972163,
2363.002386422, 1.001967944,
2363.022818117, 1.002298302,
2363.043249912, 1.002084643,
2363.063681507, 1.002244089,
2363.084113303, 1.002295750,
2363.104544998, 1.002270316,
2363.124976694, 1.002431473,
2363.145408390, 1.002592768,
2363.165840086, 1.002317998,
2363.206703478, 1.001959795,
2363.227135175, 1.002448847,
2363.247566971, 1.002446925,
2363.267998568, 1.002422355,
2363.288430265, 1.002622828,
2363.308862062, 1.002352205,
2363.329293759, 1.002307290,
2363.349725356, 1.002330015,
2363.370157154, 1.002720134,
2363.390588851, 1.002547611,
2363.411020449, 1.002170924,
2363.451883945, 1.002567164,
2363.472315743, 1.002266988,
2363.492747341, 1.002225495,
2363.513179040, 1.002247627,
2363.533610839, 1.002206488,
2363.554042438, 1.001986249,
2363.574474137, 1.002222772,
2363.594905836, 1.002219319,
2363.615337535, 1.002201102,
2363.635769334, 1.002330291,
2363.656200934, 1.002601116,
2363.676632634, 1.002498916,
2363.697064433, 1.002017846,
2363.717496033, 1.002104318,
2363.737927734, 1.002043228,
2363.758359534, 1.001922681,
2363.778791234, 1.002394715,
2363.799222935, 1.002072023,
2363.819654635, 1.002217887,
2363.840086336, 1.002624688,
2363.860518037, 1.002240237,
2363.880949739, 1.002090343,
2363.901381440, 1.002084567,
2363.942244843, 1.002401615,
2363.962676645, 1.001866094,
2363.983108347, 1.002286961,
2364.003539949, 1.002363962,
2364.023971751, 1.002179190,
2364.044403454, 1.002361210,
2364.064835056, 1.002238594,
2364.085266859, 1.002547250,
2364.105698562, 1.002576525,
2364.126130365, 1.002324107,
2364.146561968, 1.002211985,
2364.166993671, 1.002564425,
2364.187425375, 1.002358575,
2364.207857079, 1.002116398,
2364.228288782, 1.002036188,
2364.248720486, 1.002219189,
2364.269152190, 1.002085188,
2364.289583995, 1.002173964,
2364.310015599, 1.002230824,
2364.330447304, 1.002255757,
2364.350879109, 1.002180158,
2364.371310713, 1.002162904,
2364.391742418, 1.002619058,
2364.432605829, 1.001981777,
2364.453037535, 1.002286815,
2364.473469340, 1.002424654,
2364.493901046, 1.002225696,
2364.514332752, 1.002419069,
2364.534764458, 1.002244390,
2364.555196165, 1.002092893,
2364.575627871, 1.002643598,
2364.596059578, 1.002378306,
2364.616491285, 1.002199748,
2364.636923092, 1.002628444,
2364.677786506, 1.002490958,
2364.698218213, 1.002636568,
2364.718649821, 1.002777981,
2364.739081629, 1.002888616,
2364.759513337, 1.002805349,
2364.779944945, 1.002328915,
2364.800376753, 1.002028661,
2364.820808462, 1.002375623,
2364.841240270, 1.002269310,
2364.861671879, 1.002188005,
2364.882103588, 1.002458648,
2364.922967006, 1.002454770,
2364.943398715, 1.002464484,
2364.963830425, 1.002087007,
2364.984262135, 1.002148023,
2365.004693944, 1.002779680,
2365.025125555, 1.002510623,
2365.045557265, 1.002423682,
2365.065989075, 1.002698923,
2365.086420686, 1.002568700,
2365.106852396, 1.002622741,
2365.127284207, 1.002605673,
2365.168147629, 1.002908934,
2365.188579341, 1.002656743,
2365.209011052, 1.002861208,
2365.229442764, 1.002612215,
2365.249874476, 1.002524177,
2365.270306188, 1.002636781,
2365.290738000, 1.002612622,
2365.311169612, 1.002692985,
2365.331601425, 1.002749201,
2365.352033138, 1.002555884,
2365.372464751, 1.002749035,
2365.413328277, 1.002326993,
2365.433759890, 1.002321036,
2365.454191704, 1.002072545,
2365.474623417, 1.002096860,
2365.495055031, 1.002500995,
2365.515486845, 1.002185774,
2365.535918559, 1.002651216,
2365.556350374, 1.002533809,
2365.576781988, 1.002240449,
2365.597213703, 1.002708312,
2365.617645418, 1.002872216,
2365.658508848, 1.002598519,
2365.678940564, 1.002684542,
2365.699372279, 1.002424837,
2365.719804095, 1.002480511,
2365.740235711, 1.002691580,
2365.760667427, 1.002417878,
2365.781099243, 1.002524146,
2365.801530959, 1.002372900,
2365.821962576, 1.002578667,
2365.842394393, 1.002501533,
2365.862826110, 1.002752417,
2365.883257827, 1.002636536,
2365.903689544, 1.002614464,
2365.924121261, 1.002729377,
2365.944553079, 1.002492904,
2365.964984697, 1.002906111,
2365.985416415, 1.002457650,
2366.005848233, 1.002534117,
2366.026279851, 1.002208349,
2366.046711670, 1.002470200,
2366.067143388, 1.002569570,
2366.087575007, 1.002484511,
2366.108006826, 1.002690154,
2366.148870165, 1.002712422,
2366.169301984, 1.002914246,
2366.189733704, 1.002515798,
2366.210165424, 1.002868249,
2366.230597144, 1.002500755,
2366.251028864, 1.002476065,
2366.271460585, 1.002446382,
2366.291892305, 1.002144592,
2366.312324026, 1.002428861,
2366.332755747, 1.002461628,
2366.353187468, 1.002346548,
2366.394050911, 1.002626975,
2366.414482632, 1.002655955,
2366.434914454, 1.002900058,
2366.455346076, 1.002833633,
2366.475777798, 1.002335309,
2366.496209621, 1.002619700,
2366.516641343, 1.002330413,
2366.557504789, 1.003156033,
2366.577936512, 1.002280565,
2366.598368335, 1.002868118,
2366.618799959, 1.002624556,
2366.639231682, 1.002540087,
2366.659663506, 1.002776072,
2366.680095130, 1.002748046,
2366.700526954, 1.002621669,
2366.720958679, 1.002566328,
2366.741390303, 1.002542321,
2366.761822128, 1.002247983,
2366.782253853, 1.002449404,
2366.802685478, 1.002418899,
2366.823117303, 1.002535357,
2366.843549028, 1.002519738,
2366.884412480, 1.002804338,
2366.904844206, 1.002744933,
2366.925276032, 1.002598743,
2366.945707658, 1.002708252,
2366.966139385, 1.002805732,
2366.986571111, 1.002644108,
2367.007002838, 1.002633681,
2367.027434565, 1.002616416,
2367.047866292, 1.002409154,
2367.068298020, 1.002676122,
2367.088729847, 1.002888602,
2367.129593203, 1.002439529,
2367.150025031, 1.002248020,
2367.170456760, 1.002494026,
2367.190888388, 1.002621614,
2367.211320217, 1.002438422,
2367.231751946, 1.002946798,
2367.252183675, 1.002674471,
2367.272615404, 1.002920704,
2367.293047134, 1.002323919,
2367.313478963, 1.002504825,
2367.333910593, 1.002642930,
2367.395205784, 1.002199971,
2367.415637614, 1.002212997,
2367.436069345, 1.005519110,
2367.456500976, 1.002490585,
2367.476932807, 1.002661567,
2367.497364539, 1.002697930,
2367.517796170, 1.002617954,
2367.538228002, 1.002709615,
2367.558659734, 1.002198178,
2367.579091466, 1.002197335,
2367.599523198, 1.002226127,
2367.619954931, 1.002322084,
2367.640386663, 1.002422306,
2367.660818396, 1.002449978,
2367.681250129, 1.001994866,
2367.701681862, 1.002093339,
2367.722113596, 1.002591744,
2367.742545429, 1.002316915,
2367.762977063, 1.001903194,
2367.783408797, 1.001880074,
2367.803840631, 1.008746037,
2367.824272366, 1.001856357,
2367.865135835, 1.001741214,
2367.885567570, 1.001990571,
2367.905999305, 1.001907701,
2367.926431040, 1.001653608,
2367.946862776, 1.001922737,
2367.967294612, 1.001505310,
2367.987726248, 1.001857541,
2368.008157984, 1.002373002,
2368.028589820, 1.002389295,
2368.049021456, 1.002806187,
2368.069453293, 1.002572001,
2368.089885030, 1.002565673,
2368.110316667, 1.002340196,
2368.130748504, 1.001837071,
2368.151180242, 1.002529892,
2368.171611879, 1.002543588,
2368.192043717, 1.002284736,
2368.212475455, 1.002450035,
2368.232907194, 1.002748289,
2368.253338932, 1.002242715,
2368.273770671, 1.002420395,
2368.294202409, 1.002051320,
2368.314634148, 1.002585921,
2368.355497627, 1.002365829,
2368.375929367, 1.002596529,
2368.396361206, 1.002408898,
2368.416792846, 1.002487163,
2368.437224587, 1.002705980,
2368.457656427, 1.003022609,
2368.478088168, 1.002761256,
2368.498519808, 1.002821034,
2368.518951649, 1.002772744,
2368.539383391, 1.002633042,
2368.559815032, 1.002413973,
2368.600678615, 1.002332777,
2368.621110457, 1.002384406,
2368.641542100, 1.002465825,
2368.661973842, 1.002765112,
2368.682405684, 1.002255909,
2368.702837327, 1.002406837,
2368.723269070, 1.002258378,
2368.743700913, 1.002570733,
2368.764132557, 1.002413751,
2368.784564400, 1.002371857,
2368.804996144, 1.002055408,
2368.845859632, 1.002477153,
2368.866291377, 1.002413916,
2368.886723021, 1.002497911,
2368.907154866, 1.002403996,
2368.927586611, 1.002318749,
2368.948018456, 1.002505907,
2368.968450102, 1.002514133,
2368.988881847, 1.002672149,
2369.009313593, 1.002846871,
2369.029745339, 1.002544846,
2369.050177085, 1.002186743,
2369.070608832, 1.002066559,
2369.091040578, 1.002158089,
2369.111472425, 1.002200498,
2369.131904072, 1.002445638,
2369.152335819, 1.002347832,
2369.172767667, 1.002962052,
2369.193199414, 1.002471528,
2369.213631062, 1.002757824,
2369.234062910, 1.002669194,
2369.254494658, 1.002633994,
2369.274926407, 1.002517535,
2369.295358156, 1.002490583,
2369.356653403, 1.002671421,
2369.377085152, 1.002380999,
2369.397517002, 1.002370147,
2369.417948652, 1.002660387,
2369.438380502, 1.002704645,
2369.458812252, 1.002480263,
2369.479243903, 1.002978901,
2369.499675753, 1.002585768,
2369.520107504, 1.002212844,
2369.540539155, 1.002397407,
2369.581402758, 1.002290025,
2369.601834510, 1.002326750,
2369.622266262, 1.002379527,
2369.642698014, 1.002246623,
2369.663129767, 1.002394735,
2369.683561519, 1.002509746,
2369.703993272, 1.003079429,
2369.724425025, 1.002436643,
2369.744856778, 1.002427440,
2369.765288632, 1.002492212,
2369.785720285, 1.002597316,
2369.826583893, 1.001813243,
2369.847015648, 1.002090760,
2369.867447302, 1.002177642,
2369.887879157, 1.002307707,
2369.908310912, 1.002143423,
2369.928742667, 1.001573292,
2369.949174422, 1.001603653,
2369.969606178, 1.001773528,
2369.990038033, 1.001968759,
2370.010469689, 1.002115415,
2370.030901446, 1.002446843,
2370.071764959, 1.002400154,
2370.092196715, 1.002522679,
2370.112628572, 1.002406366,
2370.133060230, 1.002662602,
2370.153492087, 1.002325104,
2370.173923845, 1.002729516,
2370.194355503, 1.002485020,
2370.214787361, 1.002408748,
2370.235219119, 1.002443144,
2370.255650878, 1.002188133,
2370.276082636, 1.002576678,
2370.296514395, 1.002493579,
2370.316946255, 1.002266497,
2370.337377914, 1.002423315,
2370.357809674, 1.002219442,
2370.378241433, 1.001727913,
2370.398673194, 1.001867459,
2370.419104954, 1.001787546,
2370.439536714, 1.001749512,
2370.459968475, 1.002019764,
2370.480400336, 1.002140239,
2370.500832097, 1.003099162,
2370.521263758, 1.001983152,
2370.562127382, 1.002086934,
2370.582559044, 1.002420110,
2370.602990906, 1.002359200,
2370.623422668, 1.002248530,
2370.643854531, 1.002198756,
2370.664286194, 1.002165133,
2370.684717957, 1.002262034,
2370.705149820, 1.002336186,
2370.725581484, 1.001950737,
2370.746013247, 1.002331098,
2370.766445111, 1.002659503,
2370.807308640, 1.002616959,
2370.827740405, 1.002337137,
2370.848172069, 1.002144425,
2370.868603935, 1.001879561,
2370.889035700, 1.002206551,
2370.909467365, 1.002188299,
2370.929899231, 1.002315893,
2370.950330997, 1.002257235,
2370.970762763, 1.002293015,
2370.991194530, 1.002404050,
2371.011626296, 1.002652028,
2371.052489830, 1.002740215,
2371.072921597, 1.002620113,
2371.093353365, 1.002704272,
2371.113785133, 1.002379882,
2371.134217000, 1.002277399,
2371.154648669, 1.002264316,
2371.175080437, 1.002259206,
2371.195512306, 1.001900967,
2371.215944075, 1.002141952,
2371.236375744, 1.002667090,
2371.256807613, 1.001980589,
2371.297671252, 1.002294118,
2371.318102922, 1.002392193,
2371.338534692, 1.002250425,
2371.358966563, 1.001934182,
2371.379398233, 1.002522505,
2371.399830004, 1.002110943,
2371.420261875, 1.002255235,
2371.440693547, 1.002114096,
2371.461125418, 1.001995320,
2371.481557190, 1.002328120,
2371.501994621, 1.001871186,
2371.522420708, 1.002072585,
2371.542852481, 1.002193748,
2371.563284153, 1.001940618,
2371.583716026, 1.002181692,
2371.604147800, 1.001879043,
2371.624579673, 1.001671812,
2371.645011346, 1.001912730,
2371.665443120, 1.001787177,
2371.685874994, 1.001748221,
2371.706306669, 1.002018609,
2371.726738443, 1.002205851,
2371.747170318, 1.002306847,
2371.788033768, 1.002205033,
2371.808465643, 1.002090249,
2371.828897419, 1.002079426,
2371.849329195, 1.002168603,
2371.869760971, 1.001825329,
2371.890192747, 1.001736540,
2371.910624624, 1.001953407,
2371.931056301, 1.001953470,
2371.951488078, 1.001914278,
2371.971919955, 1.001750888,
2371.992351633, 1.002088230,
2372.033215288, 1.001636156,
2372.053646967, 1.002135647,
2372.074078845, 1.001896387,
2372.094510524, 1.002429310,
2372.114942302, 1.002225304,
2372.135374182, 1.002353549,
2372.155805861, 1.002215195,
2372.176237740, 1.002351397,
2372.196669520, 1.002811789,
2372.217101200, 1.002716093,
2372.237533081, 1.002043358,
2372.278396642, 1.001576227,
2372.298828423, 1.001793266,
2372.319260204, 1.002070260,
2372.339692086, 1.002045678,
2372.360123767, 1.002208227,
2372.380555549, 1.001886059,
2372.400987431, 1.001686573,
2372.421419214, 1.001720965,
2372.441850896, 1.001994046,
2372.462282779, 1.001717988,
2372.482714562, 1.002114416,
2372.503146346, 1.001891840,
2372.523578129, 1.001579612,
2372.544009913, 1.001766246,
2372.564441697, 1.001829358,
2372.584873482, 1.001668824,
2372.605305266, 1.001668479,
2372.625737151, 1.001790211,
2372.646168836, 1.001900198,
2372.666600721, 1.002014312,
2372.687032406, 1.001757203,
2372.707464192, 1.001902658,
2372.727896078, 1.001935857,
2372.768759551, 1.002028810,
2372.789191437, 1.001794840,
2372.809623124, 1.001771476,
2372.830055012, 1.002303276,
2372.850486799, 1.001839333,
2372.870918486, 1.002040226,
2372.891350374, 1.001854058,
2372.911782162, 1.002233674,
2372.932213851, 1.001629798,
2372.952645739, 1.001752362,
2372.973077528, 1.001669522,
2372.993509417, 1.001874399,
2373.013941107, 1.002003517,
2373.034372896, 1.001820871,
2373.054804786, 1.002157484,
2373.075236576, 1.001794844,
2373.095668266, 1.001702925,
2373.116100157, 1.001639718,
2373.136531948, 1.001962021,
2373.156963739, 1.001968207,
2373.177395530, 1.001948497,
2373.197827321, 1.001677104,
2373.218259213, 1.001820851,
2373.279554590, 1.001571714,
2373.299986282, 1.001959551,
2373.320418175, 1.001577319,
2373.340849868, 1.001771823,
2373.361281662, 1.001794295,
2373.381713556, 1.001853177,
2373.402145249, 1.001883638,
2373.422577044, 1.001789354,
2373.443008938, 1.001800374,
2373.463440633, 1.001736255,
2373.483872527, 1.001632879,
2373.504304323, 1.001944999,
2373.524736018, 1.001659778,
2373.545167914, 1.001996490,
2373.565599710, 1.001884796,
2373.586031406, 1.001881516,
2373.606463302, 1.001886577,
2373.626895099, 1.001757914,
2373.647326996, 1.002155264,
2373.667758693, 1.001545882,
2373.688190490, 1.001598318,
2373.708622388, 1.001739185,
2373.729054086, 1.001687223,
2373.749485884, 1.001673434,
2373.769917782, 1.001669098,
2373.790349581, 1.002048849,
2373.810781279, 1.002356679,
2373.831213179, 1.002018339,
2373.851644978, 1.001960474,
2373.872076778, 1.002038665,
2373.892508577, 1.001897501,
2373.912940377, 1.001822986,
2373.933372278, 1.001933194,
2373.953803978, 1.001628778,
2373.994667680, 1.001800456,
2374.015099382, 1.001719407,
2374.035531283, 1.002033433,
2374.055962985, 1.001830244,
2374.076394787, 1.001984572,
2374.096826689, 1.002098234,
2374.117258392, 1.001799449,
2374.137690195, 1.002049632,
2374.158122098, 1.002313578,
2374.178553801, 1.002080511,
2374.198985705, 1.002177711,
2374.239849213, 1.002324571,
2374.260281117, 1.002077398,
2374.280712922, 1.001778723,
2374.301144727, 1.002267320,
2374.321576532, 1.001967888,
2374.342008337, 1.002242759,
2374.362440243, 1.002082681,
2374.382871949, 1.001841553,
2374.403303755, 1.001915441,
2374.423735661, 1.001756095,
2374.444167468, 1.002232116,
2374.464599175, 1.001981706,
2374.485031082, 1.002038733,
2374.505462889, 1.001931148,
2374.525894697, 1.002111240,
2374.546326505, 1.002161521,
2374.566758313, 1.002382181,
2374.587190222, 1.001999985,
2374.607621930, 1.002137348,
2374.628053739, 1.002236001,
2374.648485648, 1.002351316,
2374.668917358, 1.002316391,
2374.689349268, 1.002474164,
2374.730212788, 1.002641217,
2374.750644698, 1.002518521,
2374.771076409, 1.001783508,
2374.791508220, 1.002144415,
2374.811940131, 1.002336733,
2374.832371843, 1.002042545,
2374.852803755, 1.002199212,
2374.873235567, 1.001929958,
2374.893667279, 1.002261056,
2374.914099191, 1.001954421,
2374.934531004, 1.002253274,
2374.975394631, 1.002445990,
2374.995826444, 1.002590773,
2375.016258358, 1.002316173,
2375.036690072, 1.002407563,
2375.057121887, 1.002250534,
2375.077553801, 1.002274607,
2375.097985616, 1.002698899,
2375.118417431, 1.002324645,
2375.138849247, 1.002423111,
2375.159281062, 1.002312154,
2375.179712878, 1.002388444,
2375.241008427, 1.002374229,
2375.261440144, 1.002246111,
2375.281872062, 1.002440820,
2375.302303879, 1.002414280,
2375.322735597, 1.002482610,
2375.343167515, 1.002736990,
2375.363599233, 1.002456308,
2375.384031052, 1.002709652,
2375.404462970, 1.002416450,
2375.424894790, 1.002310804,
2375.445326609, 1.002614816,
2375.465758429, 1.002500171,
2375.486190148, 1.002483195,
2375.506622069, 1.002387888,
2375.527053889, 1.002316995,
2375.547485610, 1.002296533,
2375.567917530, 1.002673341,
2375.588349352, 1.002455596,
2375.608781273, 1.002290067,
2375.629212995, 1.002576409,
2375.649644817, 1.002432832,
2375.670076739, 1.002602129,
2375.710940284, 1.002435129,
2375.731372207, 1.002453558,
2375.751803931, 1.002672901,
2375.772235854, 1.002966177,
2375.792667678, 1.002855484,
2375.813099502, 1.002779902,
2375.833531327, 1.002561618,
2375.853963151, 1.002172987,
2375.874394976, 1.002243690,
2375.894826901, 1.002127367,
2375.915258627, 1.002325523,
2375.956122378, 1.002526094,
2375.976554105, 1.002862437,
2375.996986031, 1.002834084,
2376.017417858, 1.002597789,
2376.037849585, 1.002647636,
2376.058281512, 1.002640856,
2376.078713240, 1.002522193,
2376.099145068, 1.002505443,
2376.119576996, 1.002244810,
2376.140008724, 1.002647817,
2376.160440653, 1.002705387,
2376.201304211, 1.002433658,
2376.221736141, 1.002007138,
2376.242167970, 1.002211405,
2376.262599700, 1.001878801,
2376.283031631, 1.001882042,
2376.303463461, 1.001948610,
2376.323895392, 1.001734774,
2376.344327123, 1.001792134,
2376.364758955, 1.002129465,
2376.385190886, 1.001629864,
2376.405622618, 1.002132271,
2376.446486383, 1.002757893,
2376.466918216, 1.002784658,
2376.487350049, 1.003121976,
2376.507781882, 1.002989444,
2376.528213715, 1.002768071,
2376.548645549, 1.002439638,
2376.569077383, 1.002769501,
2376.589509218, 1.001889148,
2376.609941153, 1.002072614,
2376.630372887, 1.002510769,
2376.650804823, 1.002875717,
2376.691668394, 1.002596948,
2376.712100330, 1.002598015,
2376.732532066, 1.002279064,
2376.752963903, 1.002594979,
2376.773395840, 1.002812786,
2376.793827577, 1.002582884,
2376.814259514, 1.003000978,
2376.834691352, 1.002893933,
2376.855123090, 1.002791906,
2376.875555028, 1.003264353,
2376.895986867, 1.002960253,
2376.936850545, 1.002628269,
2376.957282384, 1.002615767,
2376.977714324, 1.003065844,
2376.998146063, 1.003012379,
2377.018577904, 1.003175565,
2377.039009844, 1.002919070,
2377.059441585, 1.003045554,
2377.079873426, 1.002979617,
2377.100305367, 1.002770391,
2377.120737209, 1.002779215,
2377.141169051, 1.002810095,
2377.182032735, 1.002930360,
2377.202464578, 1.002768178,
2377.222896421, 1.002781501,
2377.243328264, 1.002567185,
2377.263760208, 1.002915836,
2377.284191951, 1.002851364,
2377.304623895, 1.003049635,
2377.325055740, 1.002981817,
2377.345487484, 1.002954794,
2377.365919429, 1.003016966,
2377.386351275, 1.003115816,
2377.406783020, 1.003166259,
2377.427214966, 1.003084683,
2377.468078658, 1.002948783,
2377.488510505, 1.002771741,
2377.508942252, 1.003192477,
2377.529374199, 1.002645474,
2377.549806046, 1.003232780,
2377.570237794, 1.002969434,
2377.590669742, 1.003280644,
2377.611101590, 1.002895281,
2377.631533539, 1.003009025,
2377.672397137, 1.002774197,
2377.692829087, 1.002805216,
2377.713260836, 1.002966623,
2377.733692686, 1.003041280,
2377.754124637, 1.002920789,
2377.774556487, 1.002955598,
2377.794988338, 1.003066427,
2377.815420189, 1.003002818,
2377.835852041, 1.003121649,
2377.856283892, 1.003000496,
2377.876715744, 1.002823082,
2377.917579549, 1.003400588,
2377.938011302, 1.003064882,
2377.958443255, 1.003581975,
2377.978875109, 1.002689661,
2377.999306863, 1.003334516,
2378.019738817, 1.003276950,
2378.040170671, 1.003185467,
2378.060602426, 1.003374433,
2378.081034380, 1.003114091,
2378.101466136, 1.003306054,
2378.121898091, 1.003075780,
2378.142329947, 1.002822920,
2378.162761703, 1.003196341,
2378.183193659, 1.002790997,
2378.203625516, 1.003355861,
2378.224057273, 1.002798909,
2378.244489230, 1.002941418,
2378.264921087, 1.002859126,
2378.285353045, 1.002389508,
2378.305784803, 1.003133154,
2378.326216662, 1.003207599,
2378.346648620, 1.003244288,
2378.367080379, 1.003209980,
2378.407944198, 1.003378424,
2378.428375958, 1.002930868,
2378.448807918, 1.003148753,
2378.469239778, 1.003302229,
2378.489671639, 1.003163806,
2378.510103500, 1.003266342,
2378.530535361, 1.003174598,
2378.550967223, 1.003043209,
2378.571399084, 1.002979485,
2378.591830947, 1.003108643,
2378.612262909, 1.003146906,
2378.653126535, 1.002979896,
2378.673558498, 1.002843815,
2378.693990362, 1.003282846,
2378.714422126, 1.003278033,
2378.734854090, 1.003363377,
2378.755285854, 1.003386849,
2378.775717819, 1.003012442,
2378.796149684, 1.003441042,
2378.816581449, 1.003134818,
2378.837013415, 1.003393876,
2378.857445281, 1.003132640,
2378.898309014, 1.003481978,
2378.918740881, 1.003071039,
2378.939172848, 1.003195351,
2378.959604615, 1.003073137,
2378.980036483, 1.003255640,
2379.000468451, 1.003500125,
2379.020900219, 1.003349959,
2379.041332088, 1.003023044,
2379.061764057, 1.003218058,
2379.082195826, 1.003065901,
2379.102627795, 1.002946053,
2379.143491535, 1.003174342,
2379.163923406, 1.002892534,
2379.184355276, 1.003183977,
2379.204787147, 1.003210484,
2379.225219019, 1.002857479,
2379.245650890, 1.003481117,
2379.266082862, 1.003109970,
2379.286514734, 1.003202111,
2379.306946507, 1.003625796,
2379.327378480, 1.003131146,
2379.347810353, 1.003008038,
2379.368242126, 1.002648991,
2379.388674100, 1.002732738,
2379.409105974, 1.002690236,
2379.429537748, 1.002985881,
2379.449969723, 1.003221767,
2379.470401497, 1.002978117,
2379.490833473, 1.003165767,
2379.511265348, 1.003318945,
2379.531697124, 1.003002028,
2379.552129100, 1.003285846,
2379.572560976, 1.003259472,
2379.592992753, 1.003744666,
2379.633856607, 1.003089547,
2379.654288585, 1.002637583,
2379.674720363, 1.003134069,
2379.695152241, 1.002932881,
2379.715584219, 1.002741190,
2379.736015998, 1.002997193,
2379.756447877, 1.002910541,
2379.776879857, 1.003339703,
2379.797311736, 1.003339988,
2379.817743616, 1.003137602,
2379.838175497, 1.003284494,
2379.879039258, 1.003317641,
2379.899471139, 1.002733956,
2379.919903021, 1.003175448,
2379.940335003, 1.003394969,
2379.960766785, 1.003119712,
2379.981198767, 1.003317240,
2380.001630650, 1.003075728,
2380.022062433, 1.003207434,
2380.042494416, 1.002987098,
2380.062926300, 1.003158435,
2380.083358084, 1.003110092,
2380.124221853, 1.003260723,
2380.144653838, 1.003197364,
2380.165085723, 1.003276301,
2380.185517508, 1.003149918,
2380.205949494, 1.003361424,
2380.226381380, 1.003274836,
2380.246813166, 1.003311534,
2380.267245153, 1.003470880,
2380.287677040, 1.003291880,
2380.308109028, 1.003255300,
2380.328540815, 1.003205152,
2380.369404691, 1.003024802,
2380.389836480, 1.003086262,
2380.410268369, 1.003065840,
2380.430700358, 1.003005115,
2380.451132147, 1.003365677,
2380.471564137, 1.003535105,
2380.491996027, 1.003324526,
2380.512427918, 1.003432219,
2380.532859808, 1.003168586,
2380.553291699, 1.003319304,
2380.573723591, 1.002872029,
2380.614587374, 1.003107491,
2380.635019367, 1.003484638,
2380.655451259, 1.003439163,
2380.675883052, 1.003463973,
2380.696315045, 1.002951958,
2380.716746939, 1.003319114,
2380.737178733, 1.003445434,
2380.757610727, 1.002953653,
2380.778042521, 1.003531701,
2380.798474516, 1.003043873,
2380.818906411, 1.003534547,
2380.859770202, 1.003922424,
2380.880202098, 1.003533461,
2380.900633895, 1.003071907,
2380.921065891, 1.003667735,
2380.941497788, 1.003203924,
2380.961929785, 1.003296862,
2380.982361583, 1.003326673,
2381.002793481, 1.002992174,
2381.023225479, 1.003154278,
2381.043657277, 1.002902135,
2381.064089176, 1.003160409,
2381.104953075, 1.002958208,
2381.125384975, 1.003281795,
2381.145816875, 1.002778257,
2381.166248775, 1.003384227,
2381.186680676, 1.003479428,
2381.207112577, 1.003103485,
2381.227544478, 1.003110874,
2381.247976380, 1.002927797,
2381.268408282, 1.003024841,
2381.288840284, 1.002319913,
2381.309272187, 1.002656245,
2381.350135993, 1.003185876,
2381.370567896, 1.003251687,
2381.390999700, 1.003170423,
2381.411431705, 1.004994588,
